0	0.5851131863064236	0.40754178365071614	0.18854263424873352	-0.7761268615722656	0.066471166908741
0	0.5853100246853299	0.40766480763753254	0.18854263424873352	-0.7761268615722656	0.10557185113430023
0	0.5854822229456018	0.40777257283528645	0.18854263424873352	-0.7761268615722656	0.13880743086338043
14	0.5856299506293403	0.4078648249308269	0.18854263424873352	-0.7761268615722656	0.17693059146404266
15	0.5857037579571759	0.4079416910807292	0.18854263424873352	-0.7761268615722656	0.2170087993144989
30	0.585777508770978	0.40800323486328127	0.18854263424873352	-0.7761268615722656	0.24535679817199707
31	0.5858022054036458	0.4080801010131836	0.18854263424873352	-0.7761268615722656	0.2688172161579132
31	0.5858267324942129	0.4081262588500977	0.18854263424873352	-0.7761268615722656	0.29032257199287415
32	0.5858513726128473	0.4081723531087239	0.18854263424873352	-0.7761268615722656	0.3176930546760559
45	0.5858513726128473	0.408203125	0.18854263424873352	-0.7761268615722656	0.34115347266197205
45	0.5858760127314815	0.4082338968912761	0.18854263424873352	-0.7761268615722656	0.3655914068222046
46	0.5858760127314815	0.4082492828369141	0.18854263424873352	-0.7761268615722656	0.3851417303085327
78	0.5858760127314815	0.4079724629720052	0.19814351201057434	-0.7569094300270081	0.45747801661491394
78	0.5858760127314815	0.4075264612833659	0.19814351201057434	-0.7569094300270081	0.4633431136608124
93	0.5858760127314815	0.40688056945800777	0.19814351201057434	-0.7569094300270081	0.47116324305534363
93	0.5858022054036458	0.4059885660807292	0.18221819400787354	-0.7586821913719177	0.4828934371471405
93	0.5856791743525752	0.40483519236246746	0.18221819400787354	-0.7586821913719177	0.4868035316467285
108	0.5855560867874711	0.4034510294596354	0.18221819400787354	-0.7586821913719177	0.49364614486694336
109	0.5854084721317998	0.40186703999837237	0.18221819400787354	-0.7586821913719177	0.49266862869262695
109	0.5853346648039641	0.4001445770263672	0.18221819400787354	-0.7586821913719177	0.5014662742614746
124	0.5852362173574942	0.3983144760131836	0.16053608059883118	-0.7428601980209351	0.5131964683532715
125	0.5851869936342593	0.396484375	0.16053608059883118	-0.7428601980209351	0.5278592109680176
125	0.585088602701823	0.3946696599324544	0.16053608059883118	-0.7428601980209351	0.5327468514442444
140	0.5850393789785879	0.3928857167561849	0.14485573768615723	-0.7443154454231262	0.5395894646644592
142	0.5848425405996817	0.3880566914876302	0.12905965745449066	-0.7456154227256775	0.5562072396278381
142	0.5849655716507524	0.3911940256754557	0.14485573768615723	-0.7443154454231262	0.541544497013092
142	0.5848917643229167	0.3895638783772787	0.14485573768615723	-0.7443154454231262	0.5454545617103577
156	0.5847933168764468	0.3865803400675456	0.12905965745449066	-0.7456154227256775	0.5650048851966858
156	0.5847194530345775	0.38521156311035154	0.12905965745449066	-0.7456154227256775	0.5591397881507874
157	0.5846702858253762	0.3839351654052734	0.09716740995645523	-0.7477522492408752	0.5855327248573303
171	0.5846210621021412	0.3827356338500977	0.09716740995645523	-0.7477522492408752	0.6050831079483032
171	0.5845964784975405	0.3816744486490885	0.09716740995645523	-0.7477522492408752	0.5992180109024048
172	0.5845472547743056	0.3807671229044597	0.09716740995645523	-0.7477522492408752	0.6060606241226196
187	0.5844734474464699	0.3799366633097331	0.09384141117334366	-0.7303075194358826	0.6109482049942017
187	0.584375	0.37922916412353513	0.09384141117334366	-0.7303075194358826	0.6129032373428345
188	0.584252025462963	0.3786140441894531	0.09384141117334366	-0.7303075194358826	0.6177908182144165
201	0.5841535215024595	0.3780142466227213	0.09384141117334366	-0.7303075194358826	0.628543496131897
203	0.5840304904513889	0.37739906311035154	0.09384141117334366	-0.7303075194358826	0.633431077003479
203	0.583932043004919	0.3768608729044597	0.06272660940885544	-0.7318256497383118	0.6451612710952759
217	0.5838090119538484	0.3763379414876302	0.06272660940885544	-0.7318256497383118	0.6529814004898071
218	0.5837106775354456	0.3758458455403646	0.06272660940885544	-0.7318256497383118	0.6608015894889832
218	0.5836368136935763	0.3753998438517253	0.06272660940885544	-0.7318256497383118	0.6656891703605652
233	0.5835629498517072	0.374984614054362	0.06272660940885544	-0.7318256497383118	0.6695992350578308
234	0.5835384227611401	0.37456944783528645	0.06272660940885544	-0.7318256497383118	0.67253178358078
234	0.5835137261284722	0.3742464065551758	0.06272660940885544	-0.7318256497383118	0.67253178358078
249	0.5834645589192708	0.3739849726359049	0.06272660940885544	-0.7318256497383118	0.6735092997550964
250	0.5834399188006366	0.3738004684448242	0.06272660940885544	-0.7318256497383118	0.6754643321037292
250	0.5833906950774016	0.3736466725667318	0.06272660940885544	-0.7318256497383118	0.6793743968009949
264	0.5833661679868345	0.37353903452555337	0.06272660940885544	-0.7318256497383118	0.6793743968009949
265	0.5833169442635996	0.3734467188517253	0.04708867147564888	-0.7323563694953918	0.6842619776725769
265	0.5833169442635996	0.37336978912353513	0.04708867147564888	-0.7323563694953918	0.6852394938468933
280	0.5832923606589988	0.3733544667561849	0.04708867147564888	-0.7323563694953918	0.6920821070671082
281	0.5832431369357639	0.3733544667561849	0.04708867147564888	-0.7323563694953918	0.6930596232414246
281	0.5832184968171297	0.3733544667561849	0.04708867147564888	-0.7323563694953918	0.7008797526359558
295	0.5831939132125289	0.3733390808105469	0.04708867147564888	-0.7323563694953918	0.7018572688102722
297	0.583144689489294	0.3733390808105469	0.04708867147564888	-0.7323563694953918	0.7067448496818542
297	0.5830708821614583	0.3733390808105469	0.04708867147564888	-0.7323563694953918	0.7057673335075378
311	0.5829724347149884	0.3733236948649089	0.07561886310577393	-0.7136977910995483	0.7077223658561707
312	0.5828248200593171	0.3733083089192708	0.07561886310577393	-0.7136977910995483	0.7077223658561707
312	0.582578757957176	0.3732775370279948	0.07561886310577393	-0.7136977910995483	0.7086998820304871
313	0.5823080557364004	0.37323137919108074	0.07561886310577393	-0.7136977910995483	0.7106549143791199
327	0.5819389625831887	0.3732160568237305	0.07561886310577393	-0.7136977910995483	0.7116324305534363
329	0.5814960621021412	0.3732006708780925	0.07561886310577393	-0.7136977910995483	0.7145649790763855
329	0.5809547141746239	0.3731852849324544	0.073002390563488	-0.6962550282478333	0.7204301357269287
342	0.5802903351960359	0.3731545130411784	0.073002390563488	-0.6962550282478333	0.7262952327728271
343	0.5795275652850116	0.3731237411499023	0.073002390563488	-0.6962550282478333	0.7223851680755615
343	0.5785925405996817	0.3730930328369141	0.073002390563488	-0.6962550282478333	0.7214076519012451
358	0.5776328757957175	0.3730930328369141	0.073002390563488	-0.6962550282478333	0.7233626842498779
359	0.5765994036639178	0.3730776468912761	0.073002390563488	-0.6962550282478333	0.7292277812957764
359	0.5754921242042824	0.373046875	0.073002390563488	-0.6962550282478333	0.7223851680755615
374	0.574335621021412	0.3730007171630859	0.073002390563488	-0.6962550282478333	0.7350928783416748
375	0.5731545907479746	0.3729700088500977	0.073002390563488	-0.6962550282478333	0.7302052974700928
375	0.5719734474464699	0.3729546229044597	0.0874859094619751	-0.6954281330108643	0.7243402004241943
389	0.5707923041449653	0.3729238510131836	0.0874859094619751	-0.6954281330108643	0.7311828136444092
390	0.5696604410807292	0.3728776931762695	0.0874859094619751	-0.6954281330108643	0.7341153621673584
390	0.5685531616210937	0.3727854410807292	0.0874859094619751	-0.6954281330108643	0.7438905239105225
405	0.5673720748336227	0.3726931889851888	0.0874859094619751	-0.6954281330108643	0.7419354915618896
406	0.5661417078088831	0.37260093688964846	0.0874859094619751	-0.6954281330108643	0.7546432018280029
406	0.5648375899703414	0.3724778493245443	0.10190628468990326	-0.6944500803947449	0.7556207180023193
421	0.563508888527199	0.3723702112833659	0.10190628468990326	-0.6944500803947449	0.7702834606170654
421	0.5621554904513889	0.37226250966389973	0.10190628468990326	-0.6944500803947449	0.7849462628364563
422	0.5607282850477431	0.3721548716227213	0.10190628468990326	-0.6944500803947449	0.7859237790107727
436	0.55927655255353	0.372093391418457	0.10190628468990326	-0.6944500803947449	0.798631489276886
437	0.555019689489294	0.3720164616902669	0.12600696086883545	-0.6746276617050171	0.80840665102005
437	0.5578494036639178	0.372047233581543	0.10190628468990326	-0.6944500803947449	0.8074291348457336
437	0.5564222547743055	0.3720318476359049	0.09836932271718979	-0.6770221590995789	0.8064516186714172
453	0.5537155716507524	0.3720164616902669	0.12600696086883545	-0.6746276617050171	0.8240469098091125
453	0.5524114538122107	0.3720164616902669	0.12600696086883545	-0.6746276617050171	0.8220918774604797
453	0.5511072794596354	0.3720164616902669	0.12600696086883545	-0.6746276617050171	0.8308895230293274
468	0.5498523853443287	0.3720164616902669	0.12600696086883545	-0.6746276617050171	0.8357771039009094
469	0.5486220183195891	0.3720164616902669	0.12161683291196823	-0.6572242379188538	0.8377321362495422
469	0.5474163479275174	0.3720164616902669	0.12161683291196823	-0.6572242379188538	0.8377321362495422
483	0.5462352046260127	0.3720164616902669	0.12161683291196823	-0.6572242379188538	0.8426197171211243
485	0.545029534233941	0.3720164616902669	0.12161683291196823	-0.6572242379188538	0.8367546200752258
485	0.5438730875651042	0.3720164616902669	0.12161683291196823	-0.6572242379188538	0.8416422009468079
499	0.5427411679868345	0.3720164616902669	0.11734029650688171	-0.6398280262947083	0.839687168598175
500	0.5416093049225984	0.3720164616902669	0.11734029650688171	-0.6398280262947083	0.839687168598175
500	0.5405019689489294	0.3720164616902669	0.11734029650688171	-0.6398280262947083	0.8426197171211243
514	0.5394439132125289	0.3721087773640951	0.11734029650688171	-0.6398280262947083	0.8484848737716675
515	0.5383612173574942	0.3722164154052734	0.12549972534179688	-0.6210561990737915	0.8543499708175659
515	0.5373277452256945	0.3723394393920898	0.12549972534179688	-0.6210561990737915	0.8553274869918823
530	0.5363189132125289	0.3724778493245443	0.12549972534179688	-0.6210561990737915	0.8611925840377808
531	0.5353346648039641	0.37261632283528645	0.12549972534179688	-0.6210561990737915	0.859237551689148
531	0.5343996401186343	0.3727392832438151	0.12549972534179688	-0.6210561990737915	0.8611925840377808
546	0.5334891425238715	0.3728776931762695	0.12099582701921463	-0.6036914587020874	0.8680351972579956
546	0.5326525652850116	0.3730007171630859	0.12099582701921463	-0.6036914587020874	0.873900294303894
546	0.5318405716507523	0.3731237411499023	0.12099582701921463	-0.6036914587020874	0.8846529722213745
561	0.5310285215024595	0.3732621510823567	0.13775286078453064	-0.6195261478424072	0.8856304883956909
562	0.5302657515914352	0.3734005610148112	0.13775286078453064	-0.6195261478424072	0.8856304883956909
562	0.5295275652850115	0.37355442047119136	0.14456573128700256	-0.6005240082740784	0.8895405530929565
578	0.5269193296079282	0.3741849263509115	0.14456573128700256	-0.6005240082740784	0.890518069267273
578	0.5288386027018229	0.37369283040364587	0.14456573128700256	-0.6005240082740784	0.8866080045700073
578	0.528174223723235	0.3738619486490885	0.14456573128700256	-0.6005240082740784	0.8924731016159058
578	0.5275344848632812	0.374015744527181	0.14456573128700256	-0.6005240082740784	0.8895405530929565
593	0.5263041178385417	0.37433865865071614	0.14456573128700256	-0.6005240082740784	0.890518069267273
593	0.5257874100296586	0.37447706858317054	0.14456573128700256	-0.6005240082740784	0.8914955854415894
594	0.5252952293113425	0.3746001561482747	0.14456573128700256	-0.6005240082740784	0.8895405530929565
608	0.5249015525535301	0.3747231801350911	0.14456573128700256	-0.6005240082740784	0.8866080045700073
609	0.5245570995189526	0.37481549580891926	0.14456573128700256	-0.6005240082740784	0.8856304883956909
609	0.5242618136935764	0.3748923619588216	0.14456573128700256	-0.6005240082740784	0.8817204236984253
623	0.523991111472801	0.3749538421630859	0.14456573128700256	-0.6005240082740784	0.8797653913497925
624	0.5237942730938947	0.374984614054362	0.14456573128700256	-0.6005240082740784	0.8797653913497925
624	0.523597491229022	0.3750307718912761	0.14456573128700256	-0.6005240082740784	0.8826979398727417
639	0.5234005963360822	0.3750615437825521	0.14456573128700256	-0.6005240082740784	0.8836754560470581
640	0.5231544777199074	0.3751076380411784	0.14456573128700256	-0.6005240082740784	0.8866080045700073
640	0.522883888527199	0.3751691818237305	0.14456573128700256	-0.6005240082740784	0.8875855207443237
655	0.522588602701823	0.3752306620279948	0.14456573128700256	-0.6005240082740784	0.8895405530929565
656	0.5222440931532119	0.3752922058105469	0.14456573128700256	-0.6005240082740784	0.890518069267273
656	0.5219488073278357	0.3753690719604492	0.14456573128700256	-0.6005240082740784	0.8924731016159058
671	0.5216289944118924	0.37544593811035154	0.14456573128700256	-0.6005240082740784	0.8924731016159058
671	0.5213337085865162	0.37550754547119136	0.13775286078453064	-0.6195261478424072	0.8895405530929565
671	0.5210875899703414	0.3755690256754557	0.13775286078453064	-0.6195261478424072	0.8895405530929565
686	0.5209153917100694	0.3756151835123698	0.13775286078453064	-0.6195261478424072	0.8875855207443237
687	0.520767664026331	0.37564595540364587	0.16200418770313263	-0.616022527217865	0.8875855207443237
687	0.520644689489294	0.37566134134928386	0.16200418770313263	-0.616022527217865	0.8836754560470581
702	0.5205708821614583	0.3756920496622721	0.16200418770313263	-0.616022527217865	0.8836754560470581
703	0.5204970748336227	0.3757074356079102	0.16200418770313263	-0.616022527217865	0.8807429075241089
703	0.5204478511103877	0.3757074356079102	0.16200418770313263	-0.616022527217865	0.8807429075241089
718	0.5204232109917535	0.3757074356079102	0.16200418770313263	-0.616022527217865	0.8787878751754761
719	0.5203248200593171	0.3757228215535482	0.13775286078453064	-0.6195261478424072	0.873900294303894
719	0.520374043782552	0.3757074356079102	0.13775286078453064	-0.6195261478424072	0.8787878751754761
719	0.5203494036639178	0.3757228215535482	0.13775286078453064	-0.6195261478424072	0.8758553266525269
764	0.5203248200593171	0.3757382074991862	0.13775286078453064	-0.6195261478424072	0.8768328428268433
780	0.5203248200593171	0.3757535934448242	0.13775286078453064	-0.6195261478424072	0.8758553266525269
781	0.5203248200593171	0.3757689793904623	0.13775286078453064	-0.6195261478424072	0.8768328428268433
795	0.5203248200593171	0.3757996877034505	0.13775286078453064	-0.6195261478424072	0.8797653913497925
797	0.5203248200593171	0.3758150736490885	0.13775286078453064	-0.6195261478424072	0.8797653913497925
797	0.5203248200593171	0.3758458455403646	0.13775286078453064	-0.6195261478424072	0.8817204236984253
811	0.5203248200593171	0.3758920033772787	0.13775286078453064	-0.6195261478424072	0.8836754560470581
812	0.5203248200593171	0.3759380976359049	0.13775286078453064	-0.6195261478424072	0.8856304883956909
812	0.5203248200593171	0.375984255472819	0.13775286078453064	-0.6195261478424072	0.8866080045700073
827	0.5203248200593171	0.3760457356770833	0.13775286078453064	-0.6195261478424072	0.8875855207443237
828	0.5203248200593171	0.3761380513509115	0.13775286078453064	-0.6195261478424072	0.8885630369186401
828	0.5203248200593171	0.3762303034464518	0.13775286078453064	-0.6195261478424072	0.8895405530929565
843	0.5203248200593171	0.3763687133789062	0.13775286078453064	-0.6195261478424072	0.8914955854415894
843	0.5203248200593171	0.3766455332438151	0.13775286078453064	-0.6195261478424072	0.895405650138855
844	0.5203248200593171	0.3770299911499023	0.13775286078453064	-0.6195261478424072	0.8963831663131714
858	0.5203248200593171	0.3775683085123698	0.13775286078453064	-0.6195261478424072	0.8963831663131714
859	0.5200295342339409	0.3800903956095377	0.14280612766742706	-0.6368823647499084	0.900293231010437
859	0.5202263726128472	0.37827568054199223	0.13775286078453064	-0.6195261478424072	0.8983381986618042
859	0.5201525652850115	0.3791215260823567	0.13775286078453064	-0.6195261478424072	0.8993157148361206
876	0.5197096648039641	0.38345845540364587	0.14280612766742706	-0.6368823647499084	0.8963831663131714
876	0.519931086787471	0.3811515808105469	0.14280612766742706	-0.6368823647499084	0.8934506177902222
876	0.5198326958550348	0.38230495452880864	0.14280612766742706	-0.6368823647499084	0.8963831663131714
890	0.5196358009620949	0.3845964431762695	0.14280612766742706	-0.6368823647499084	0.8924731016159058
890	0.5195619936342593	0.385749880472819	0.14280612766742706	-0.6368823647499084	0.8963831663131714
891	0.5194882428204571	0.3868571599324544	0.14280612766742706	-0.6368823647499084	0.8993157148361206
905	0.5193897388599537	0.3879336675008138	0.13775286078453064	-0.6195261478424072	0.9012707471847534
907	0.5193405151367188	0.3889179229736328	0.13775286078453064	-0.6195261478424072	0.905180811882019
907	0.5192913479275174	0.3897791544596354	0.16200418770313263	-0.616022527217865	0.908113420009613
921	0.5192667078088831	0.3905634562174479	0.16200418770313263	-0.616022527217865	0.9090909361839294
921	0.5192667078088831	0.39127095540364587	0.16200418770313263	-0.616022527217865	0.9120234847068787
922	0.5192667078088831	0.3919014612833659	0.16200418770313263	-0.616022527217865	0.9130010008811951
936	0.5192667078088831	0.3924858729044597	0.16200418770313263	-0.616022527217865	0.9188660979270935
936	0.5192667078088831	0.39303944905598953	0.16200418770313263	-0.616022527217865	0.9247311949729919
937	0.5192667078088831	0.3935931523640951	0.17398934066295624	-0.6140478253364563	0.9266862273216248
952	0.5192667078088831	0.3942236582438151	0.17398934066295624	-0.6140478253364563	0.929618775844574
953	0.5192667078088831	0.3949464797973633	0.17398934066295624	-0.6140478253364563	0.9208211302757263
953	0.5192667078088831	0.3956693013509115	0.17398934066295624	-0.6140478253364563	0.9237536787986755
968	0.5192667078088831	0.3964075088500977	0.17398934066295624	-0.6140478253364563	0.9217986464500427
968	0.5192667078088831	0.3971610387166341	0.17398934066295624	-0.6140478253364563	0.9178885817527771
968	0.5192667078088831	0.3978838602701823	0.17398934066295624	-0.6140478253364563	0.9247311949729919
983	0.5192667078088831	0.3984990437825521	0.17398934066295624	-0.6140478253364563	0.9208211302757263
984	0.5192667078088831	0.3990219116210938	0.17398934066295624	-0.6140478253364563	0.9276637434959412
984	0.5192667078088831	0.3994832356770833	0.17398934066295624	-0.6140478253364563	0.9335288405418396
999	0.5192667078088831	0.39989846547444663	0.18032103776931763	-0.631340742111206	0.9442815184593201
1000	0.5192667078088831	0.4002829869588216	0.18032103776931763	-0.631340742111206	0.9501466155052185
1000	0.5192667078088831	0.4006059010823567	0.17398934066295624	-0.6140478253364563	0.9599217772483826
1014	0.5192667078088831	0.40088278452555337	0.17398934066295624	-0.6140478253364563	0.9648093581199646
1015	0.5192667078088831	0.4015132904052734	0.17398934066295624	-0.6140478253364563	0.973607063293457
1016	0.5192667078088831	0.4011134465535482	0.17398934066295624	-0.6140478253364563	0.9696969985961914
1016	0.5192667078088831	0.4013133366902669	0.17398934066295624	-0.6140478253364563	0.9706745147705078
1030	0.5192667078088831	0.40168240865071614	0.17398934066295624	-0.6140478253364563	0.9765396118164062
1031	0.5192667078088831	0.40182081858317054	0.17398934066295624	-0.6140478253364563	0.9765396118164062
1031	0.5192667078088831	0.4019285202026367	0.17398934066295624	-0.6140478253364563	0.9794721603393555
1045	0.5192913479275174	0.40202083587646487	0.17398934066295624	-0.6140478253364563	0.9755620956420898
1047	0.5193405151367188	0.4021284739176433	0.17398934066295624	-0.6140478253364563	0.9775171279907227
1047	0.5193897388599537	0.4022361119588216	0.17398934066295624	-0.6140478253364563	0.9765396118164062
1062	0.5194389625831887	0.40234375	0.17398934066295624	-0.6140478253364563	0.9775171279907227
1062	0.5194882428204571	0.4024360020955403	0.17398934066295624	-0.6140478253364563	0.9765396118164062
1062	0.5195374100296586	0.4025590260823567	0.17398934066295624	-0.6140478253364563	0.9775171279907227
1077	0.5195866337528935	0.4027128219604492	0.17398934066295624	-0.6140478253364563	0.9745845794677734
1077	0.5196850246853298	0.4029589335123698	0.19764772057533264	-0.609649658203125	0.9794721603393555
1078	0.5197342484085649	0.4032203674316406	0.19764772057533264	-0.609649658203125	0.9784946441650391
1093	0.5198326958550348	0.4034664154052734	0.19764772057533264	-0.609649658203125	0.9775171279907227
1093	0.519931086787471	0.4037124633789062	0.19764772057533264	-0.609649658203125	0.9765396118164062
1093	0.5200295342339409	0.40397396087646487	0.19764772057533264	-0.609649658203125	0.9667643904685974
1108	0.5201279251663773	0.4042200088500977	0.19764772057533264	-0.609649658203125	0.9677419066429138
1109	0.5202263726128472	0.4044352849324544	0.19764772057533264	-0.609649658203125	0.9745845794677734
1109	0.5203002364547165	0.4046044667561849	0.19764772057533264	-0.609649658203125	0.9755620956420898
1124	0.5203248200593171	0.4046967188517253	0.19764772057533264	-0.609649658203125	0.9755620956420898
1125	0.5203986273871528	0.40475819905598953	0.19764772057533264	-0.609649658203125	0.9755620956420898
1125	0.5204478511103877	0.40481980641682946	0.19764772057533264	-0.609649658203125	0.9765396118164062
1140	0.5204970748336227	0.4048966725667318	0.19764772057533264	-0.609649658203125	0.9784946441650391
1140	0.5205462420428241	0.4050043106079102	0.19764772057533264	-0.609649658203125	0.9755620956420898
1140	0.5206201058846933	0.4051734924316406	0.19764772057533264	-0.609649658203125	0.9775171279907227
1155	0.5206692730938947	0.4053887685139974	0.20930930972099304	-0.6072248816490173	0.9765396118164062
1155	0.5207431369357639	0.40558865865071614	0.20930930972099304	-0.6072248816490173	0.9804496765136719
1156	0.5209399188006366	0.4060962041219075	0.20930930972099304	-0.6072248816490173	0.973607063293457
1156	0.5208415278682003	0.4058347702026367	0.20930930972099304	-0.6072248816490173	0.9755620956420898
1171	0.5210384227611401	0.4063730239868164	0.20930930972099304	-0.6072248816490173	0.9696969985961914
1172	0.521259844744647	0.40691134134928386	0.20930930972099304	-0.6072248816490173	0.973607063293457
1172	0.5211614538122107	0.4066498438517253	0.20930930972099304	-0.6072248816490173	0.9745845794677734
1187	0.5213582356770833	0.4071266174316406	0.20930930972099304	-0.6072248816490173	0.973607063293457
1187	0.5214567396375868	0.4073111216227213	0.20930930972099304	-0.6072248816490173	0.9706745147705078
1189	0.5215797706886575	0.4074956893920898	0.22085179388523102	-0.6046486496925354	0.973607063293457
1202	0.5217027452256945	0.40766480763753254	0.22085179388523102	-0.6046486496925354	0.9745845794677734
1203	0.5217765525535301	0.4078186670939128	0.22085179388523102	-0.6046486496925354	0.9755620956420898
1203	0.521875	0.4079416910807292	0.22085179388523102	-0.6046486496925354	0.9755620956420898
1218	0.5219734474464699	0.4080493291219075	0.22085179388523102	-0.6046486496925354	0.9755620956420898
1219	0.5220964784975405	0.4081415812174479	0.22085179388523102	-0.6046486496925354	0.9775171279907227
1219	0.5222440931532119	0.4082338968912761	0.22085179388523102	-0.6046486496925354	0.9775171279907227
1233	0.5223917643229167	0.4083261489868164	0.22085179388523102	-0.6046486496925354	0.9824047088623047
1234	0.5225147388599537	0.40840301513671873	0.22085179388523102	-0.6046486496925354	0.9814271926879883
1234	0.5226624100296585	0.4084799448649089	0.25224125385284424	-0.6161476373672485	0.9814271926879883
1249	0.5228100246853299	0.4085414250691731	0.25224125385284424	-0.6161476373672485	0.9804496765136719
1250	0.5229576958550347	0.40863367716471355	0.25224125385284424	-0.6161476373672485	0.9804496765136719
1250	0.5230807269061053	0.40872605641682946	0.25224125385284424	-0.6161476373672485	0.9755620956420898
1264	0.5232283415617767	0.4088183085123698	0.25224125385284424	-0.6161476373672485	0.9745845794677734
1265	0.5233267324942129	0.4089259465535482	0.25224125385284424	-0.6161476373672485	0.9706745147705078
1265	0.5234005963360822	0.4090181986490885	0.25224125385284424	-0.6161476373672485	0.9696969985961914
1280	0.5235236273871527	0.4091258366902669	0.25224125385284424	-0.6161476373672485	0.9706745147705078
1281	0.5236220183195891	0.4092181523640951	0.25224125385284424	-0.6161476373672485	0.9716520309448242
1281	0.5237205222800926	0.4093104044596354	0.25224125385284424	-0.6161476373672485	0.973607063293457
1296	0.5237942730938947	0.4094180425008138	0.25224125385284424	-0.6161476373672485	0.9755620956420898
1296	0.5239173041449653	0.40951029459635413	0.24355903267860413	-0.5990387797355652	0.9784946441650391
1296	0.5240158081054688	0.4096026102701823	0.24355903267860413	-0.5990387797355652	0.9814271926879883
1311	0.5241141425238716	0.40966409047444663	0.24355903267860413	-0.5990387797355652	0.9853372573852539
1312	0.5242372300889757	0.40972569783528645	0.24355903267860413	-0.5990387797355652	0.9882698059082031
1313	0.524384844744647	0.4097871780395508	0.2657310664653778	-0.5928137302398682	0.9912023544311523
1327	0.5245816831235532	0.4098640441894531	0.2657310664653778	-0.5928137302398682	0.995112419128418
1328	0.5248277452256944	0.4099409739176433	0.2657310664653778	-0.5928137302398682	1.0
1328	0.5251722547743055	0.4100178400675456	0.2657310664653778	-0.5928137302398682	1.0
1329	0.5255905151367187	0.4100947062174479	0.2657310664653778	-0.5928137302398682	1.0
1343	0.526107335973669	0.4101870218912761	0.2657310664653778	-0.5928137302398682	1.0
1343	0.5267470748336227	0.4102638880411784	0.2657310664653778	-0.5928137302398682	1.0
1344	0.527460621021412	0.41035614013671873	0.2657310664653778	-0.5928137302398682	1.0
1358	0.5283218383789062	0.4104484558105469	0.2657310664653778	-0.5928137302398682	1.0
1359	0.529306086787471	0.4105099360148112	0.2657310664653778	-0.5928137302398682	1.0
1360	0.5303396154333044	0.4105714797973633	0.2657310664653778	-0.5928137302398682	1.0
1374	0.5314468383789063	0.41061757405598953	0.2657310664653778	-0.5928137302398682	1.0
1375	0.5326033980758101	0.41063296000162763	0.2657310664653778	-0.5928137302398682	1.0
1375	0.533759844744647	0.41066379547119136	0.2657310664653778	-0.5928137302398682	1.0
1389	0.5349655151367188	0.41066379547119136	0.2766055762767792	-0.5894683599472046	1.0
1390	0.5361958821614583	0.41066379547119136	0.2766055762767792	-0.5894683599472046	1.0
1390	0.5374507762767651	0.41066379547119136	0.2766055762767792	-0.5894683599472046	1.0
1405	0.538730310510706	0.41066379547119136	0.2766055762767792	-0.5894683599472046	1.0
1405	0.5401082356770833	0.41066379547119136	0.2766055762767792	-0.5894683599472046	1.0
1406	0.5415108009620949	0.41066379547119136	0.2751275300979614	-0.6098416447639465	1.0
1421	0.5429872300889756	0.41066379547119136	0.2751275300979614	-0.6098416447639465	1.0
1421	0.5445619936342593	0.4105099360148112	0.2751275300979614	-0.6098416447639465	1.0
1421	0.546210621021412	0.4103254318237305	0.2974075973033905	-0.6029022336006165	1.0
1436	0.5479822794596354	0.41015625	0.29628700017929077	-0.6234809756278992	1.0
1437	0.5539616337528935	0.40937188466389973	0.29628700017929077	-0.6234809756278992	1.0
1437	0.5499016090675637	0.4098948160807292	0.29628700017929077	-0.6234809756278992	1.0
1437	0.551894689489294	0.40964870452880864	0.29628700017929077	-0.6234809756278992	1.0
1452	0.5561761926721643	0.4090489705403646	0.29452773928642273	-0.6440248489379883	1.0
1453	0.5606053105107061	0.4084337870279948	0.29452773928642273	-0.6440248489379883	1.0
1453	0.5583907515914351	0.40872605641682946	0.29452773928642273	-0.6440248489379883	1.0
1468	0.5627706457067418	0.4081415812174479	0.29452773928642273	-0.6440248489379883	1.0
1469	0.5667815031828703	0.4076033274332682	0.31681862473487854	-0.6576806902885437	1.0
1470	0.5648868136935764	0.4078494389851888	0.2921047508716583	-0.664516270160675	1.0
1485	0.5685777452256945	0.4073418935139974	0.31681862473487854	-0.6576806902885437	1.0
1485	0.5702017324942129	0.4071266174316406	0.31681862473487854	-0.6576806902885437	1.0
1485	0.5716535215024595	0.4069728215535482	0.31681862473487854	-0.6576806902885437	1.0
1499	0.5730315031828703	0.4068651835123698	0.31681862473487854	-0.6576806902885437	1.0
1499	0.574335621021412	0.40675754547119136	0.31681862473487854	-0.6576806902885437	1.0
1499	0.5755905716507523	0.40668055216471355	0.31681862473487854	-0.6576806902885437	1.0
1514	0.576845465766059	0.4066344579060872	0.306441068649292	-0.6405571103096008	1.0
1515	0.5780757762767651	0.4066036860148112	0.306441068649292	-0.6405571103096008	1.0
1515	0.5792815031828704	0.4066036860148112	0.306441068649292	-0.6405571103096008	1.0
1530	0.5805610374168113	0.4066036860148112	0.306441068649292	-0.6405571103096008	1.0
1531	0.5818652117693865	0.4066036860148112	0.306441068649292	-0.6405571103096008	1.0
1531	0.5830708821614583	0.4066036860148112	0.306441068649292	-0.6405571103096008	1.0
1546	0.5842027452256945	0.4066036860148112	0.306441068649292	-0.6405571103096008	1.0
1546	0.5852608574761284	0.4066036860148112	0.306441068649292	-0.6405571103096008	1.0
1546	0.586269689489294	0.4066036860148112	0.306441068649292	-0.6405571103096008	1.0
1562	0.5872539378978588	0.4066036860148112	0.306441068649292	-0.6405571103096008	1.0
1562	0.5882135461877893	0.4066036860148112	0.306441068649292	-0.6405571103096008	1.0
1563	0.5890747635452835	0.4066036860148112	0.34078365564346313	-0.6501762270927429	1.0
1577	0.5898867571795429	0.4066036860148112	0.34078365564346313	-0.6501762270927429	1.0
1578	0.5923966019241899	0.40643450419108074	0.3288966715335846	-0.6540127992630005	0.9530791640281677
1578	0.5906988638418692	0.4066036860148112	0.34078365564346313	-0.6501762270927429	1.0
1578	0.5915354410807292	0.4065268198649089	0.34078365564346313	-0.6501762270927429	0.9843597412109375
1593	0.5932578757957175	0.4062961578369141	0.3288966715335846	-0.6540127992630005	0.9169110655784607
1593	0.5940452858253762	0.4061269760131836	0.31681862473487854	-0.6576806902885437	0.8807429075241089
1595	0.5948326393410012	0.4059424082438151	0.31681862473487854	-0.6576806902885437	0.834799587726593
1609	0.5955217149522569	0.40577328999837237	0.3148111402988434	-0.6783819198608398	0.7565982341766357
1609	0.5961613972981771	0.4056348164876302	0.3148111402988434	-0.6783819198608398	0.6559139490127563
1609	0.5967519124348958	0.4054810206095377	0.3148111402988434	-0.6783819198608398	0.5180840492248535
1624	0.597367180718316	0.4054041544596354	0.3148111402988434	-0.6783819198608398	0.40566959977149963
1625	0.598056086787471	0.4054041544596354	0.3121284544467926	-0.6990112662315369	0.22287389636039734
1640	0.5995817396375868	0.4058809280395508	0.2947537302970886	-0.7226179242134094	0.0
1640	0.6004429004810474	0.4064806620279948	0.2947537302970886	-0.7226179242134094	0.0
1641	0.6014517324942129	0.407249641418457	0.2947537302970886	-0.7226179242134094	0.0
1655	0.602436093930845	0.4083261489868164	0.2851540446281433	-0.7052765488624573	0.0
1657	0.602436093930845	0.4095718383789062	0.27579960227012634	-0.6879686713218689	0.0
1657	0.6039124100296586	0.4109098434448242	0.2701897621154785	-0.6504711508750916	0.0
1671	0.6052903351960359	0.4122016270955403	0.24355903267860413	-0.5990387797355652	0.0
3828	0.17177659493905525	0.4992925643920898	0.37941673398017883	-0.3675571084022522	0.0
3828	0.1716043401647497	0.49952328999837237	0.37941673398017883	-0.3675571084022522	0.0
3828	0.1716043401647497	0.4996309280395508	0.3596254885196686	-0.3596254885196686	0.0
3842	0.1716289520263672	0.4996309280395508	0.3478774428367615	-0.3708728551864624	0.0
3843	0.172244064896195	0.4996309280395508	0.3478774428367615	-0.3708728551864624	0.0
3843	0.17293304160789208	0.499354076385498	0.3344419300556183	-0.3567029535770416	0.0
3858	0.17367124204282408	0.4989696184794108	0.31545859575271606	-0.34772804379463196	0.0
3860	0.17426181369357638	0.4984928448994954	0.2787370979785919	-0.32869279384613037	0.0
3860	0.17519682425039787	0.4978008270263672	0.26636362075805664	-0.31438255310058594	0.0
3874	0.17519682425039787	0.4969549814860026	0.22703231871128082	-0.2974710464477539	0.0
3875	0.1753937050148293	0.4960014979044597	0.17515061795711517	-0.2660410404205322	0.0
3875	0.17556595978913483	0.495109494527181	0.13813163340091705	-0.24572503566741943	0.0
3889	0.17561512699833623	0.495109494527181	0.1008625254034996	-0.20459942519664764	0.0
3890	0.17625492237232349	0.4938791910807292	0.07268785685300827	-0.17831210792064667	0.0
3890	0.17667323924877026	0.49266421000162763	0.03291808068752289	-0.15370145440101624	0.0
3905	0.17667323924877026	0.4920490900675456	7.518386035379215E-18	-0.12217304855585098	0.0
3906	0.17519682425039787	0.49152619043986	6.435778253524407E-18	-0.10471975803375244	0.0
3906	0.17295765346950956	0.4910802205403646	-0.016915213316679	-0.06774585694074631	0.0
3921	0.17091536345305267	0.4910802205403646	-0.03173545002937317	-0.06222481280565262	0.0
3922	0.16874998587149162	0.4910802205403646	-0.039082664996385574	-0.057907141745090485	0.0
3922	0.1665846648039641	0.4910802205403646	-0.016193479299545288	-0.0498015470802784	0.0
3936	0.16456693013509113	0.4912955284118652	-0.016193479299545288	-0.0498015470802784	0.0
3937	0.16277068809226708	0.49149541854858403	4.281782154053153E-18	-0.06981316953897476	0.0
3937	0.16296749821415654	0.49172617594401047	0.016915213316679	-0.06774585694074631	0.0
3952	0.16119586803294994	0.49172617594401047	0.05407990142703056	-0.08984934538602829	0.0
3953	0.16141730414496527	0.4913877805074056	0.068552665412426	-0.10144359618425369	0.0
3953	0.16215550457989727	0.49064957300821943	0.10572057962417603	-0.1399010568857193	0.0
3968	0.16099900139702691	0.490541934967041	0.14128054678440094	-0.1566658467054367	0.0
3969	0.1625245836046007	0.4894807815551758	0.18956628441810608	-0.20995303988456726	0.0
3970	0.16117125617133246	0.4901882489522298	0.15326941013336182	-0.16991420090198517	0.0
3970	0.16188484474464698	0.4898960749308269	0.17740805447101593	-0.19655412435531616	0.0
3985	0.1625245836046007	0.4893731435139974	0.20556262135505676	-0.21997889876365662	0.0
3985	0.1625245836046007	0.4890040715535482	0.23065167665481567	-0.24669583141803741	0.0
3985	0.16215550457989727	0.4888041496276856	0.23882943391799927	-0.23882943391799927	0.0
3998	0.16107285111038774	0.4885580698649089	0.2433093637228012	-0.2601582407951355	0.0
4000	0.16045766759801794	0.4884350458780925	0.256048321723938	-0.2736951410770416	0.0
4000	0.16033465067545574	0.4882504781087239	0.2817879617214203	-0.3010081648826599	0.0
4014	0.16033465067545574	0.4880813280741374	0.2947976887226105	-0.3147922456264496	0.0
4015	0.16033465067545574	0.4879121780395508	0.3079068064689636	-0.32866671681404114	0.0
4015	0.16033465067545574	0.4877583503723144	0.3478774428367615	-0.3708728551864624	0.0
4030	0.16033465067545574	0.4876660664876302	0.3675571084022522	-0.37941673398017883	0.0
4031	0.1602854128237124	0.48761994043986	0.4095284640789032	-0.422432541847229	0.0
4031	0.15994095978913483	0.48761994043986	0.4099220335483551	-0.4496341347694397	0.0
4046	0.15952265704119648	0.48761994043986	0.4527125954627991	-0.4665929675102234	0.0
4047	0.1592519830774378	0.48761994043986	0.46739962697029114	-0.4815880358219147	0.0
4047	0.1588828616672092	0.48761994043986	0.49724188446998596	-0.512017011642456	0.0
4061	0.15863681369357638	0.48761994043986	0.48956966400146484	-0.5191216468811035	0.0
4062	0.15826773466887298	0.48771219253540044	0.5045853853225708	-0.5346930027008057	0.0
4062	0.15789859913013599	0.48780453999837237	0.5045853853225708	-0.5346930027008057	0.0
4077	0.15760332743326824	0.48786605199178057	0.5045853853225708	-0.5346930027008057	0.0
4078	0.15728348626030816	0.4880352020263672	0.5045853853225708	-0.5346930027008057	0.0
4078	0.15693897671169704	0.4881120999654134	0.5045853853225708	-0.5346930027008057	0.0
4093	0.15656989768699364	0.4883120218912761	0.5045853853225708	-0.5346930027008057	0.0
4093	0.15612696894892938	0.4883427619934082	0.5045853853225708	-0.5346930027008057	0.0
4093	0.1556348164876302	0.4883735020955403	0.5045853853225708	-0.5346930027008057	0.0
4108	0.15509349681712964	0.4884504000345866	0.5045853853225708	-0.5346930027008057	0.0
4109	0.1532726287841797	0.488588809967041	0.5045853853225708	-0.5346930027008057	0.0
4109	0.15450292516637731	0.4885119120279948	0.5045853853225708	-0.5346930027008057	0.0
4109	0.1538878122965495	0.4885580698649089	0.5045853853225708	-0.5346930027008057	0.0
4124	0.15260827806260852	0.4886195500691731	0.5045853853225708	-0.5346930027008057	0.0
4125	0.1512795059769242	0.4886657079060872	0.5116046071052551	-0.5575721859931946	0.0
4125	0.15194392734103732	0.4886503219604492	0.5045853853225708	-0.5346930027008057	0.0
4140	0.15061515525535302	0.48869644800821943	0.5116046071052551	-0.5575721859931946	0.0
4140	0.1499754163953993	0.4887272198994954	0.5116046071052551	-0.5575721859931946	0.0
4140	0.14936023288302952	0.48875796000162763	0.5116046071052551	-0.5575721859931946	0.0
4156	0.1487450634991681	0.4888195355733236	0.5116046071052551	-0.5575721859931946	0.0
4156	0.14815456249095776	0.4888656616210938	0.5116046071052551	-0.5575721859931946	0.0
4156	0.14761317217791523	0.488927173614502	0.5116046071052551	-0.5575721859931946	0.0
4171	0.14714568809226708	0.4889886856079102	0.5268297791481018	-0.5735623240470886	0.0
4172	0.14699804517957898	0.4890501976013184	0.5268297791481018	-0.5735623240470886	0.0
4172	0.1468750282570168	0.4890809694925944	0.5268297791481018	-0.5735623240470886	0.0
4186	0.14653050457989727	0.4891270955403646	0.5197761058807373	-0.5504166483879089	0.0
4187	0.14625984474464698	0.4891732215881348	0.5197761058807373	-0.5504166483879089	0.0
4187	0.14601379677101417	0.489234733581543	0.5197761058807373	-0.5504166483879089	0.0
4202	0.14579230414496527	0.4893116315205892	0.5197761058807373	-0.5504166483879089	0.0
4203	0.1456201058846933	0.4893577575683594	0.5197761058807373	-0.5504166483879089	0.0
4203	0.14542323924877026	0.4894654273986816	0.5197761058807373	-0.5504166483879089	0.0
4218	0.14522635848433882	0.48960380554199223	0.5432509183883667	-0.5588240623474121	0.0
4219	0.14510334156177662	0.48972682952880864	0.5432509183883667	-0.5588240623474121	0.0
4219	0.14483266759801794	0.4898806889851888	0.5432509183883667	-0.5588240623474121	0.0
4233	0.144611245614511	0.4900498390197754	0.5355029106140137	-0.5355029106140137	0.0
4234	0.14421748408564813	0.4906188329060872	0.5355029106140137	-0.5355029106140137	0.0
4234	0.14448821456344038	0.490218989054362	0.5355029106140137	-0.5355029106140137	0.0
4234	0.14441436485007958	0.4904035250345866	0.5355029106140137	-0.5355029106140137	0.0
4249	0.14402067396375867	0.4908187866210938	0.5355029106140137	-0.5355029106140137	0.0
4250	0.14384841918945312	0.4910340944925944	0.5277417898178101	-0.5430607199668884	0.0
4265	0.14355313336407696	0.491234016418457	0.5277417898178101	-0.5430607199668884	0.0
4266	0.14291339450412327	0.491864554087321	0.5200315713882446	-0.5200315713882446	0.0
4266	0.14333171138057002	0.4914339065551758	0.5200315713882446	-0.5200315713882446	0.0
4266	0.1431348306161386	0.4916338284810384	0.5200315713882446	-0.5200315713882446	0.0
4282	0.1426181228072555	0.4920952479044597	0.5200315713882446	-0.5200315713882446	0.0
4282	0.14229822512026186	0.4923105239868164	0.512407124042511	-0.5274598598480225	0.029325513169169426
4282	0.14190453423394098	0.4925565719604492	0.512407124042511	-0.5274598598480225	0.0498533733189106
4297	0.14151084334762007	0.49281806945800777	0.5047240853309631	-0.5047240853309631	0.0674486830830574
4297	0.14106792873806423	0.4930794715881348	0.5047240853309631	-0.5047240853309631	0.08797653764486313
4297	0.14060038813838252	0.4933716773986816	0.5047240853309631	-0.5047240853309631	0.1173020526766777
4311	0.1401328475387008	0.49364846547444663	0.5047240853309631	-0.5047240853309631	0.1485826075077057
4311	0.13971454479076245	0.4939099629720052	0.48957565426826477	-0.48957565426826477	0.16324535012245178
4312	0.13934546576605902	0.4941713968912761	0.48957565426826477	-0.48957565426826477	0.1827957034111023
4327	0.13905017994068286	0.4943866729736328	0.48957565426826477	-0.48957565426826477	0.20527859032154083
4328	0.13882875795717592	0.49455582300821943	0.48957565426826477	-0.48957565426826477	0.22580644488334656
4328	0.13865650318287037	0.49470968246459956	0.48957565426826477	-0.48957565426826477	0.25610947608947754
4342	0.13855808399341724	0.494817320505778	0.4815880358219147	-0.46739962697029114	0.2815249264240265
4343	0.13853347213179976	0.4948942184448242	0.4815880358219147	-0.46739962697029114	0.3040078282356262
4343	0.13853347213179976	0.4949403444925944	0.4815880358219147	-0.46739962697029114	0.32746821641921997
4358	0.13853347213179976	0.4949864705403646	0.4815880358219147	-0.46739962697029114	0.34310850501060486
4359	0.13853347213179976	0.4950172424316406	0.4815880358219147	-0.46739962697029114	0.35581621527671814
4359	0.13853347213179976	0.4950479825337728	0.4815880358219147	-0.46739962697029114	0.3636363744735718
4374	0.13853347213179976	0.495094108581543	0.4815880358219147	-0.46739962697029114	0.37341153621673584
4375	0.13853347213179976	0.495124880472819	0.4815880358219147	-0.46739962697029114	0.3822091817855835
4375	0.13853347213179976	0.4951710065205892	0.4815880358219147	-0.46739962697029114	0.39198437333106995
4389	0.13853347213179976	0.4952017784118652	0.4815880358219147	-0.46739962697029114	0.4027370512485504
4390	0.13853347213179976	0.4952171325683594	0.4815880358219147	-0.46739962697029114	0.4134897291660309
4405	0.13843506707085504	0.4952171325683594	0.4815880358219147	-0.46739962697029114	0.42815250158309937
4406	0.13833660549587673	0.4952171325683594	0.4815880358219147	-0.46739962697029114	0.4340175986289978
4406	0.1381643365930628	0.4952171325683594	0.4815880358219147	-0.46739962697029114	0.43890517950057983
4406	0.1379921383327908	0.4952171325683594	0.4815880358219147	-0.46739962697029114	0.4496578574180603
4421	0.13777064570674188	0.4951710065205892	0.4815880358219147	-0.46739962697029114	0.46041056513786316
4421	0.1375246118616175	0.4950325965881348	0.4815880358219147	-0.46739962697029114	0.47311827540397644
4421	0.1372539378978588	0.4948634465535482	0.4815880358219147	-0.46739962697029114	0.4799608886241913
4437	0.13695865207248265	0.4946635246276856	0.4815880358219147	-0.46739962697029114	0.48973608016967773
4437	0.13666338037561487	0.494432799021403	0.4815880358219147	-0.46739962697029114	0.4985337257385254
4437	0.1363680945502387	0.494156010945638	0.4815880358219147	-0.46739962697029114	0.5102639198303223
4452	0.13607280872486255	0.493848450978597	0.4815880358219147	-0.46739962697029114	0.5200390815734863
4453	0.1357529816804109	0.49351005554199223	0.4815880358219147	-0.46739962697029114	0.5347018837928772
4454	0.13543308399341725	0.4931256294250488	0.4815880358219147	-0.46739962697029114	0.5522971749305725
4467	0.13508856031629773	0.49266421000162763	0.48841938376426697	-0.4600417912006378	0.5689149498939514
4468	0.13467025756835938	0.4920952479044597	0.5015590786933899	-0.4447976350784302	0.5777125954627991
4468	0.13422732883029515	0.4914339065551758	0.5015590786933899	-0.4447976350784302	0.5992180109024048
4483	0.13378447073477287	0.49072653452555337	0.5015590786933899	-0.4447976350784302	0.6001955270767212
4484	0.1333907233344184	0.489942200978597	0.5015590786933899	-0.4447976350784302	0.628543496131897
4484	0.13299703244809752	0.4891117095947266	0.5015590786933899	-0.4447976350784302	0.6520038843154907
4499	0.13262796755190248	0.4882504781087239	0.5015590786933899	-0.4447976350784302	0.6754643321037292
4500	0.13230806986490887	0.4873431205749512	0.5015590786933899	-0.4447976350784302	0.6754643321037292
4500	0.13206202189127605	0.4864050229390462	0.5078686475753784	-0.43691113591194153	0.6862170100212097
4515	0.13188976711697048	0.4854976654052734	0.5078686475753784	-0.43691113591194153	0.6881720423698425
4515	0.1317421242042824	0.4846056620279948	0.486150324344635	-0.4306248128414154	0.7028347849845886
4515	0.13164371914333767	0.48368291854858403	0.486150324344635	-0.4306248128414154	0.7086998820304871
4530	0.1316190931532118	0.482744820912679	0.486150324344635	-0.4306248128414154	0.7214076519012451
4531	0.13154529995388456	0.4818220774332682	0.486150324344635	-0.4306248128414154	0.7302052974700928
4531	0.13152068809226708	0.4808224360148112	0.486150324344635	-0.4306248128414154	0.738025426864624
4548	0.13144683837890625	0.47980744043986	0.47979918122291565	-0.4381564259529114	0.7448680400848389
4548	0.1313484333179615	0.4787924448649089	0.47979918122291565	-0.4381564259529114	0.7565982341766357
4548	0.13120079040527344	0.4777620315551758	0.4517383277416229	-0.4381750226020813	0.7468230724334717
4548	0.13107777348271124	0.4766855239868164	0.45973721146583557	-0.45973721146583557	0.7536656856536865
4562	0.13090550457989727	0.475593630472819	0.45973721146583557	-0.45973721146583557	0.7526881694793701
4562	0.13065945660626446	0.4744402249654134	0.4381750226020813	-0.4517383277416229	0.7614858150482178
4563	0.13043796398021557	0.4732560475667318	0.4381750226020813	-0.4517383277416229	0.7781035900115967
4577	0.13021654199670862	0.4720718383789062	0.42378196120262146	-0.4370196461677551	0.7859237790107727
4578	0.13006889908402056	0.4708876609802246	0.42378196120262146	-0.4370196461677551	0.7927663922309875
4578	0.12992125617133246	0.4696881294250488	0.42378196120262146	-0.4370196461677551	0.8025415539741516
4594	0.12982285111038774	0.4684885660807292	0.39602816104888916	-0.43473824858665466	0.8211143612861633
4594	0.12965059633608217	0.46727358500162763	0.39602816104888916	-0.43473824858665466	0.8220918774604797
4595	0.12955219127513745	0.4660432815551758	0.39602816104888916	-0.43473824858665466	0.829912006855011
4608	0.12947834156177662	0.4649052937825521	0.38905543088912964	-0.44066640734672546	0.8406646847724915
4609	0.129355310510706	0.4637364705403646	0.38905543088912964	-0.44066640734672546	0.8426197171211243
4609	0.1292322935881438	0.4625830332438151	0.38905543088912964	-0.44066640734672546	0.8563050031661987
4624	0.12908465067545574	0.46142965952555337	0.38905543088912964	-0.44066640734672546	0.8719452619552612
4625	0.1288877699110243	0.4602454503377279	0.38905543088912964	-0.44066640734672546	0.8719452619552612
4625	0.12869095978913483	0.4590766270955403	0.38905543088912964	-0.44066640734672546	0.873900294303894
4640	0.1285187050148293	0.4579539616902669	0.38905543088912964	-0.44066640734672546	0.8768328428268433
4640	0.12832182425039787	0.4568620681762695	0.38905543088912964	-0.44066640734672546	0.8924731016159058
4640	0.12807577627676506	0.4557855606079102	0.38905543088912964	-0.44066640734672546	0.8993157148361206
4655	0.12785435429325812	0.4546936670939128	0.38905543088912964	-0.44066640734672546	0.9022482633590698
4655	0.12768208539044415	0.45360171000162763	0.38193511962890625	-0.44644472002983093	0.9022482633590698
4656	0.12753444247775608	0.4525405883789062	0.38193511962890625	-0.44644472002983093	0.9032257795333862
4671	0.12738681369357638	0.4515255610148112	0.38193511962890625	-0.44644472002983093	0.905180811882019
4672	0.1272391707808883	0.4504952112833659	0.36725449562072754	-0.4575521647930145	0.9032257795333862
4672	0.1271161397298177	0.4494340260823567	0.36725449562072754	-0.4575521647930145	0.9159335494041443
4686	0.12701773466887298	0.4484036763509115	0.36725449562072754	-0.4575521647930145	0.9169110655784607
4688	0.12687009175618488	0.4456047058105469	0.34697744250297546	-0.44741320610046387	0.9217986464500427
4689	0.12694388495551215	0.4474040349324544	0.34697744250297546	-0.44741320610046387	0.9178885817527771
4689	0.12694388495551215	0.4464659372965495	0.34697744250297546	-0.44741320610046387	0.9178885817527771
4703	0.12684547989456743	0.44478956858317054	0.33616024255752563	-0.47797536849975586	0.9442815184593201
4704	0.12679624204282408	0.44398994445800777	0.33616024255752563	-0.47797536849975586	0.934506356716156
4704	0.12669783698187934	0.4432363510131836	0.33616024255752563	-0.47797536849975586	0.9257087111473083
4718	0.1266239872685185	0.4425135294596354	0.31626754999160767	-0.46678197383880615	0.934506356716156
4718	0.1265255822075738	0.4417599360148112	0.31626754999160767	-0.46678197383880615	0.9276637434959412
4719	0.126476400869864	0.44092953999837237	0.31626754999160767	-0.46678197383880615	0.9325513243675232
4733	0.12640255115650317	0.44009908040364587	0.31626754999160767	-0.46678197383880615	0.9305962920188904
4734	0.1263779392948857	0.43926862080891926	0.30011850595474243	-0.4756055772304535	0.939393937587738
4734	0.1262549223723235	0.4384073893229167	0.30011850595474243	-0.4756055772304535	0.9423264861106873
4749	0.12618112917299623	0.4375	0.30011850595474243	-0.4756055772304535	0.9481915831565857
4750	0.12618112917299623	0.4365926106770833	0.30011850595474243	-0.4756055772304535	0.9472140669822693
4750	0.12618112917299623	0.43573137919108074	0.2729205787181854	-0.4676092565059662	0.9569892287254333
4764	0.12618112917299623	0.4349316914876302	0.2729205787181854	-0.4676092565059662	0.9511241316795349
4765	0.12618112917299623	0.43423970540364587	0.2729205787181854	-0.4676092565059662	0.9579667448997498
4765	0.12618112917299623	0.433609135945638	0.2646898031234741	-0.47143304347991943	0.960899293422699
4781	0.12618112917299623	0.4330401102701823	0.2646898031234741	-0.47143304347991943	0.9628543257713318
4781	0.12618112917299623	0.4325326283772787	0.2646898031234741	-0.47143304347991943	0.960899293422699
4781	0.12618112917299623	0.43210194905598953	0.2646898031234741	-0.47143304347991943	0.9638318419456482
4796	0.12618112917299623	0.4317021687825521	0.2646898031234741	-0.47143304347991943	0.9599217772483826
4797	0.12618112917299623	0.4313023249308269	0.2663058042526245	-0.49154219031333923	0.9618768095970154
4797	0.12618112917299623	0.4309485753377279	0.2663058042526245	-0.49154219031333923	0.9618768095970154
4811	0.12618112917299623	0.4306255976359049	0.2663058042526245	-0.49154219031333923	0.960899293422699
4812	0.12618112917299623	0.4303026835123698	0.2663058042526245	-0.49154219031333923	0.9648093581199646
4812	0.12618112917299623	0.43001041412353513	0.2663058042526245	-0.49154219031333923	0.9706745147705078
4827	0.12618112917299623	0.4297490437825521	0.2663058042526245	-0.49154219031333923	0.9726295471191406
4828	0.12618112917299623	0.42924156188964846	0.2663058042526245	-0.49154219031333923	0.9677419066429138
4828	0.12618112917299623	0.42950299580891926	0.2663058042526245	-0.49154219031333923	0.9706745147705078
4828	0.12618112917299623	0.4293338139851888	0.2663058042526245	-0.49154219031333923	0.9696969985961914
4842	0.12618112917299623	0.42916456858317054	0.27494290471076965	-0.48777103424072266	0.9677419066429138
4843	0.12618112917299623	0.4290877024332682	0.27494290471076965	-0.48777103424072266	0.9667643904685974
4859	0.12618112917299623	0.42902615865071614	0.2663058042526245	-0.49154219031333923	0.9677419066429138
4859	0.12618112917299623	0.4289492925008138	0.2663058042526245	-0.49154219031333923	0.9687194228172302
4859	0.12618112917299623	0.4288570404052734	0.2663058042526245	-0.49154219031333923	0.9696969985961914
4859	0.12618112917299623	0.4287647883097331	0.2663058042526245	-0.49154219031333923	0.9687194228172302
4873	0.12613189132125288	0.4286724726359049	0.2663058042526245	-0.49154219031333923	0.9696969985961914
4875	0.12610727945963543	0.4285648345947266	0.2663058042526245	-0.49154219031333923	0.9726295471191406
4875	0.12610727945963543	0.4284571965535482	0.2663058042526245	-0.49154219031333923	0.9716520309448242
4889	0.12610727945963543	0.4283495585123698	0.2663058042526245	-0.49154219031333923	0.9726295471191406
4890	0.12610727945963543	0.42825730641682946	0.2663058042526245	-0.49154219031333923	0.973607063293457
4890	0.12610727945963543	0.4281496047973633	0.2663058042526245	-0.49154219031333923	0.973607063293457
4905	0.12610727945963543	0.4280726750691731	0.2663058042526245	-0.49154219031333923	0.973607063293457
4906	0.12610727945963543	0.4279958089192708	0.2663058042526245	-0.49154219031333923	0.9755620956420898
4906	0.12610727945963543	0.42793426513671873	0.2673662304878235	-0.5117274522781372	0.9745845794677734
4921	0.12610727945963543	0.4278881708780925	0.2673662304878235	-0.5117274522781372	0.9765396118164062
4922	0.12610727945963543	0.4278420130411784	0.2673662304878235	-0.5117274522781372	0.9765396118164062
4922	0.12610727945963543	0.4277805328369141	0.2673662304878235	-0.5117274522781372	0.9784946441650391
4936	0.12610727945963543	0.427718989054362	0.2673662304878235	-0.5117274522781372	0.9794721603393555
4937	0.12610727945963543	0.4276575088500977	0.2673662304878235	-0.5117274522781372	0.9814271926879883
4937	0.12610727945963543	0.4275959650675456	0.2673662304878235	-0.5117274522781372	0.9804496765136719
4952	0.12608265346950956	0.4274729410807292	0.2673662304878235	-0.5117274522781372	0.9804496765136719
4953	0.12600887439869068	0.42721144358317054	0.2673662304878235	-0.5117274522781372	0.9775171279907227
4953	0.12600887439869068	0.4269346872965495	0.2673662304878235	-0.5117274522781372	0.9775171279907227
4968	0.12600887439869068	0.4266270955403646	0.2673662304878235	-0.5117274522781372	0.9765396118164062
4970	0.12600887439869068	0.42559674580891926	0.2673662304878235	-0.5117274522781372	0.9814271926879883
4970	0.12600887439869068	0.42628879547119136	0.2673662304878235	-0.5117274522781372	0.9755620956420898
4970	0.12600887439869068	0.4259504318237305	0.2673662304878235	-0.5117274522781372	0.9784946441650391
4984	0.12600887439869068	0.42524293263753254	0.2673662304878235	-0.5117274522781372	0.9814271926879883
4984	0.12600887439869068	0.4249354044596354	0.2673662304878235	-0.5117274522781372	0.9726295471191406
4984	0.12600887439869068	0.4247201283772787	0.2673662304878235	-0.5117274522781372	0.9745845794677734
4999	0.12603348626030816	0.4245509465535482	0.2673662304878235	-0.5117274522781372	0.9696969985961914
5000	0.12608265346950956	0.4242433547973633	0.2673662304878235	-0.5117274522781372	0.9687194228172302
5000	0.12605804160789208	0.4243817647298177	0.2673662304878235	-0.5117274522781372	0.9716520309448242
5015	0.12613189132125288	0.4241203308105469	0.2673662304878235	-0.5117274522781372	0.9716520309448242
5015	0.12615650318287036	0.42401262919108074	0.2673662304878235	-0.5117274522781372	0.9696969985961914
5015	0.12618112917299623	0.4239357630411784	0.2673662304878235	-0.5117274522781372	0.9716520309448242
5030	0.12620568452058015	0.4238742828369141	0.2673662304878235	-0.5117274522781372	0.9696969985961914
5031	0.12620568452058015	0.423828125	0.2673662304878235	-0.5117274522781372	0.9706745147705078
5031	0.12620568452058015	0.4237819671630859	0.2673662304878235	-0.5117274522781372	0.9696969985961914
5045	0.12623029638219763	0.4237819671630859	0.2673662304878235	-0.5117274522781372	0.9696969985961914
5202	0.1262549223723235	0.4237819671630859	0.23947082459926605	-0.5219810009002686	0.9784946441650391
5203	0.12627953423394098	0.4237819671630859	0.23947082459926605	-0.5219810009002686	0.9755620956420898
5218	0.12630414609555846	0.4237819671630859	0.23947082459926605	-0.5219810009002686	0.9765396118164062
5233	0.12632877208568433	0.4237819671630859	0.23947082459926605	-0.5219810009002686	0.973607063293457
5295	0.12632877208568433	0.4237973531087239	0.23947082459926605	-0.5219810009002686	0.9648093581199646
5311	0.12635332743326824	0.4237973531087239	0.23947082459926605	-0.5219810009002686	0.9589442610740662
5312	0.12635332743326824	0.423812739054362	0.23947082459926605	-0.5219810009002686	0.9579667448997498
5342	0.1263779392948857	0.423812739054362	0.23947082459926605	-0.5219810009002686	0.9569892287254333
5405	0.1263779392948857	0.423828125	0.23947082459926605	-0.5219810009002686	0.9305962920188904
5406	0.1263779392948857	0.4238588968912761	0.23947082459926605	-0.5219810009002686	0.9110459685325623
5420	0.1263779392948857	0.4238742828369141	0.23947082459926605	-0.5219810009002686	0.9012707471847534
5422	0.12640255115650317	0.4239049911499023	0.23947082459926605	-0.5219810009002686	0.8875855207443237
5422	0.12640255115650317	0.4239203770955403	0.23947082459926605	-0.5219810009002686	0.8748778104782104
5422	0.12640255115650317	0.4239511489868164	0.23947082459926605	-0.5219810009002686	0.8611925840377808
5436	0.12640255115650317	0.4239819208780925	0.23947082459926605	-0.5219810009002686	0.8475073575973511
5437	0.12640255115650317	0.42401262919108074	0.23947082459926605	-0.5219810009002686	0.8338220715522766
5437	0.12640255115650317	0.4240434010823567	0.25818702578544617	-0.5152895450592041	0.8211143612861633
5452	0.12640255115650317	0.4240741729736328	0.25818702578544617	-0.5152895450592041	0.8064516186714172
5453	0.12640255115650317	0.4241203308105469	0.25818702578544617	-0.5152895450592041	0.7927663922309875
5453	0.12640255115650317	0.42415103912353513	0.25818702578544617	-0.5152895450592041	0.7800586223602295
5468	0.12640255115650317	0.4241971969604492	0.25818702578544617	-0.5152895450592041	0.7663733959197998
5468	0.12640255115650317	0.42425867716471355	0.25818702578544617	-0.5152895450592041	0.7526881694793701
5468	0.12640255115650317	0.42432028452555337	0.25818702578544617	-0.5152895450592041	0.7399804592132568
5483	0.12640255115650317	0.4244125366210938	0.25818702578544617	-0.5152895450592041	0.7311828136444092
5484	0.12640255115650317	0.4245201746622721	0.25818702578544617	-0.5152895450592041	0.7253177165985107
5484	0.12640255115650317	0.42461249033610027	0.25818702578544617	-0.5152895450592041	0.7243402004241943
5499	0.12640255115650317	0.4246893564860026	0.2582399845123291	-0.535451352596283	0.7233626842498779
5499	0.12640255115650317	0.424781608581543	0.2582399845123291	-0.535451352596283	0.7253177165985107
5500	0.12640255115650317	0.4248585383097331	0.2582399845123291	-0.535451352596283	0.7272727489471436
5514	0.12642717714662904	0.4249200185139974	0.2582399845123291	-0.535451352596283	0.7321603298187256
5515	0.126476400869864	0.4249661763509115	0.2582399845123291	-0.535451352596283	0.7370479106903076
5515	0.1265255822075738	0.4249661763509115	0.2582399845123291	-0.535451352596283	0.742913007736206
5530	0.12655019406919127	0.4249815622965495	0.2582399845123291	-0.535451352596283	0.7497556209564209
5531	0.12659943192093462	0.42499688466389973	0.2582399845123291	-0.535451352596283	0.7565982341766357
5531	0.1266239872685185	0.42499688466389973	0.2582399845123291	-0.535451352596283	0.7634408473968506
5546	0.12664859913013599	0.42499688466389973	0.25818702578544617	-0.5152895450592041	0.7683284282684326
5547	0.12664859913013599	0.4250122706095377	0.25818702578544617	-0.5152895450592041	0.7712609767913818
5547	0.12667322512026186	0.4250122706095377	0.25818702578544617	-0.5152895450592041	0.7732160091400146
5561	0.12667322512026186	0.4250276565551758	0.25818702578544617	-0.5152895450592041	0.7732160091400146
6374	0.12669783698187934	0.4250276565551758	0.2582399845123291	-0.535451352596283	0.8074291348457336
6874	0.12669783698187934	0.4250430425008138	0.2582399845123291	-0.535451352596283	0.7546432018280029
6889	0.12669783698187934	0.4250584284464518	0.2582399845123291	-0.535451352596283	0.7536656856536865
6968	0.12669783698187934	0.4250738143920898	0.2484990805387497	-0.5387876629829407	0.7478005886077881
7405	0.12672244884349682	0.4250738143920898	0.2484990805387497	-0.5387876629829407	0.8631476163864136
7406	0.12682086803294995	0.4250738143920898	0.2484990805387497	-0.5387876629829407	0.873900294303894
7406	0.12696849681712963	0.4250738143920898	0.2484990805387497	-0.5387876629829407	0.8846529722213745
7421	0.12721454479076244	0.4250738143920898	0.2484990805387497	-0.5387876629829407	0.8924731016159058
7422	0.12760823567708332	0.4250738143920898	0.2484990805387497	-0.5387876629829407	0.900293231010437
7422	0.12812501412850838	0.4250738143920898	0.2484990805387497	-0.5387876629829407	0.9061583280563354
7437	0.12883860270182293	0.4250738143920898	0.2484990805387497	-0.5387876629829407	0.9100684523582458
7438	0.13188976711697048	0.4249200185139974	0.2582399845123291	-0.535451352596283	0.9178885817527771
7438	0.12972438953540943	0.4250738143920898	0.2582399845123291	-0.535451352596283	0.9110459685325623
7438	0.1307578616672092	0.4250122706095377	0.2582399845123291	-0.535451352596283	0.9227761626243591
7453	0.13316928722240307	0.424827766418457	0.2484990805387497	-0.5387876629829407	0.9090909361839294
7454	0.13454722651728876	0.4247355143229167	0.2484990805387497	-0.5387876629829407	0.9217986464500427
7454	0.13607280872486255	0.4246278127034505	0.2484990805387497	-0.5387876629829407	0.9178885817527771
7468	0.13774603384512443	0.4245201746622721	0.24749504029750824	-0.5588821768760681	0.9403714537620544
7468	0.13959151373969184	0.4243971506754557	0.24749504029750824	-0.5588821768760681	0.9521016478538513
7469	0.14160924840856481	0.4242433547973633	0.24749504029750824	-0.5588821768760681	0.9501466155052185
7483	0.14382380732783565	0.4241049448649089	0.24749504029750824	-0.5588821768760681	0.960899293422699
7483	0.1462352328830295	0.4239357630411784	0.24585558474063873	-0.5789719223976135	0.965786874294281
7484	0.14879428722240307	0.4237358729044597	0.24585558474063873	-0.5789719223976135	0.9521016478538513
7499	0.1514025370279948	0.4235513051350911	0.24585558474063873	-0.5789719223976135	0.960899293422699
7500	0.15403545520923756	0.42336680094401047	0.24585558474063873	-0.5789719223976135	0.9638318419456482
7500	0.156619064896195	0.4232129414876302	0.24585558474063873	-0.5789719223976135	0.9579667448997498
7514	0.1589813232421875	0.4231053034464518	0.24585558474063873	-0.5789719223976135	0.9696969985961914
7515	0.16117125617133246	0.4229976654052734	0.24355903267860413	-0.5990387797355652	0.9921798706054688
7515	0.16313976711697048	0.4229207356770833	0.24355903267860413	-0.5990387797355652	0.9794721603393555
7531	0.1648622159604673	0.422874641418457	0.24585558474063873	-0.5789719223976135	1.0
7531	0.16641241002965856	0.422859255472819	0.24585558474063873	-0.5789719223976135	1.0
7531	0.1678395871762876	0.422828483581543	0.24585558474063873	-0.5789719223976135	1.0
7546	0.1690945095486111	0.422828483581543	0.24585558474063873	-0.5789719223976135	1.0
7547	0.17022640086986401	0.422828483581543	0.24585558474063873	-0.5789719223976135	1.0
7547	0.1712352611400463	0.422828483581543	0.24749504029750824	-0.5588821768760681	1.0
7561	0.17217028582537616	0.422828483581543	0.24749504029750824	-0.5588821768760681	1.0
7562	0.17308068452058015	0.422828483581543	0.24749504029750824	-0.5588821768760681	1.0
7562	0.1738681228072555	0.422828483581543	0.24749504029750824	-0.5588821768760681	1.0
7577	0.17455708539044415	0.422828483581543	0.24749504029750824	-0.5588821768760681	1.0
7578	0.1751230310510706	0.422828483581543	0.24749504029750824	-0.5588821768760681	1.0
7578	0.17559057165075231	0.422828483581543	0.24749504029750824	-0.5588821768760681	1.0
7594	0.17600887439869067	0.422828483581543	0.24749504029750824	-0.5588821768760681	1.0
7594	0.17632871557165075	0.422828483581543	0.25769177079200745	-0.5556371808052063	1.0
7594	0.17659938953540943	0.422828483581543	0.25769177079200745	-0.5556371808052063	1.0
7594	0.17677164430971498	0.422828483581543	0.25769177079200745	-0.5556371808052063	1.0
7608	0.1768946612322772	0.4228130976359049	0.2565234303474426	-0.5758274793624878	1.0
7609	0.17699313693576388	0.4228130976359049	0.2565234303474426	-0.5758274793624878	0.9970674514770508
7609	0.17706691600658275	0.4227977116902669	0.2565234303474426	-0.5758274793624878	0.9745845794677734
7624	0.1771161538583261	0.4227823893229167	0.2565234303474426	-0.5758274793624878	0.9452590346336365
7624	0.1771161538583261	0.4227516174316406	0.2565234303474426	-0.5758274793624878	0.9100684523582458
7625	0.1771161538583261	0.4227054595947266	0.2565234303474426	-0.5758274793624878	0.8621701002120972
7639	0.17714076571994358	0.4225824356079102	0.2565234303474426	-0.5758274793624878	0.80840665102005
7640	0.17721455891927082	0.4222902297973633	0.2657310664653778	-0.5928137302398682	0.7438905239105225
7640	0.1773868136935764	0.4217981338500977	0.2657310664653778	-0.5928137302398682	0.6568915247917175
7655	0.1776328616672092	0.4211675643920898	0.2657310664653778	-0.5928137302398682	0.5395894646644592
7656	0.17795277348271124	0.42039858500162763	0.2657310664653778	-0.5928137302398682	0.40762463212013245
7656	0.17834645024052373	0.4196142832438151	0.2766055762767792	-0.5894683599472046	0.23069404065608978
7671	0.17886317217791523	0.4188453674316406	0.2751275300979614	-0.6098416447639465	0.06256109476089478
7672	0.1801427064118562	0.4175689061482747	0.2847228944301605	-0.6269118189811707	0.0
7686	0.18080711364746094	0.4172305425008138	0.2847228944301605	-0.6269118189811707	0.0
7687	0.18107777348271123	0.4172305425008138	0.2611146569252014	-0.6332916021347046	0.0
7687	0.18193900496871382	0.4172305425008138	0.2611146569252014	-0.6332916021347046	0.0
7702	0.18193900496871382	0.4177534739176433	0.2611146569252014	-0.6332916021347046	0.0
7703	0.1822588461416739	0.41859931945800777	0.25224125385284424	-0.6161476373672485	0.0
7703	0.1825048941153067	0.4196912129720052	0.22413504123687744	-0.5848060846328735	0.0
7718	0.1825048941153067	0.4209983825683594	0.20835798978805542	-0.5506696105003357	0.0
7718	0.18201279816804108	0.4226285934448242	0.18579891324043274	-0.49968641996383667	0.0
7718	0.1810039237693504	0.4245355606079102	0.15616990625858307	-0.45124176144599915	0.0
7733	0.17945372970015913	0.426734733581543	0.12211107462644577	-0.40439310669898987	0.0
9140	0.19955707126193575	0.39503879547119136	-0.0498015470802784	0.016193479299545288	0.0
9140	0.19911414252387152	0.3956693013509115	-0.0498015470802784	0.016193479299545288	0.0
9155	0.19881892734103732	0.3965151468912761	-0.0498015470802784	0.016193479299545288	0.0
9156	0.19859743471498842	0.39863739013671873	-0.0498015470802784	0.016193479299545288	0.0
9157	0.19864665843822338	0.39726874033610027	-0.0498015470802784	0.016193479299545288	0.0
9157	0.19859743471498842	0.39797617594401047	-0.0498015470802784	0.016193479299545288	0.0
9172	0.19859743471498842	0.3992064793904623	-0.0498015470802784	0.016193479299545288	0.0
9172	0.19859743471498842	0.39972928365071614	-0.0498015470802784	0.016193479299545288	0.0
9172	0.19859743471498842	0.40083656311035154	-0.0498015470802784	0.016193479299545288	0.0
9186	0.19867128442834925	0.4017747243245443	-0.0498015470802784	0.016193479299545288	0.0
9187	0.198769689489294	0.4017593383789062	-0.0498015470802784	0.016193479299545288	0.0
9187	0.19881892734103732	0.4014363606770833	-0.0498015470802784	0.016193479299545288	0.0
9202	0.19881892734103732	0.4015132904052734	-0.031104598194360733	0.015852369368076324	0.0
9203	0.19881892734103732	0.4016517003377279	-0.031104598194360733	0.015852369368076324	0.0
9218	0.19872045163755064	0.4017901102701823	-0.031104598194360733	0.015852369368076324	0.0
9218	0.1978838461416739	0.4019285202026367	-0.031104598194360733	0.015852369368076324	0.0
9218	0.19640750178584346	0.4020361582438151	-0.03490658476948738	4.276560990026718E-18	0.0
9233	0.1951033415617766	0.40215924580891926	-0.03490658476948738	4.276560990026718E-18	0.0
9234	0.19372540226689092	0.4023129781087239	-0.03490658476948738	4.276560990026718E-18	0.0
9234	0.1922736132586444	0.4031588236490885	-0.03490658476948738	4.276560990026718E-18	0.0
9249	0.19084645024052374	0.4031588236490885	-0.03490658476948738	4.276560990026718E-18	0.0
9250	0.18941927309389467	0.40366630554199223	-0.01745329238474369	2.1376288834858203E-18	0.0
9250	0.1880167078088831	0.40366630554199223	-0.01745329238474369	2.1376288834858203E-18	0.0
9265	0.186761799565068	0.4041276931762695	-0.01745329238474369	2.1376288834858203E-18	0.0
9265	0.18560528225368925	0.4041276931762695	-0.012341967783868313	-0.012341967783868313	0.0
9266	0.1845226287841797	0.4041276931762695	-0.012341967783868313	-0.012341967783868313	0.0
9280	0.183513754385489	0.4041276931762695	-0.012341967783868313	-0.012341967783868313	0.0
9281	0.18255413196705006	0.4041584650675456	2.138280495013359E-18	-0.03490658476948738	0.0
9281	0.18164371914333768	0.4042661031087239	2.138280495013359E-18	-0.03490658476948738	0.0
9296	0.18068402608235676	0.4043584187825521	2.138280495013359E-18	-0.03490658476948738	0.0
9296	0.17972438953540942	0.4046967188517253	2.138280495013359E-18	-0.03490658476948738	0.0
9297	0.1786417360658999	0.4051273345947266	3.2090509087122274E-18	-0.05235987901687622	0.0
9311	0.17755908259639033	0.4052195866902669	3.2090509087122274E-18	-0.05235987901687622	0.0
9313	0.17372047989456743	0.4059424082438151	0.015852369368076324	-0.031104598194360733	0.0
9314	0.17632871557165075	0.4055579503377279	3.2090509087122274E-18	-0.05235987901687622	0.0
9314	0.17502462599012586	0.40581944783528645	2.138280495013359E-18	-0.03490658476948738	0.0
9328	0.1723917078088831	0.40605010986328127	0.015852369368076324	-0.031104598194360733	0.0
9329	0.171136799565068	0.40625	0.015852369368076324	-0.031104598194360733	0.0
9329	0.17002952010543257	0.4064652760823567	0.012341967783868313	-0.012341967783868313	0.0
9343	0.17002952010543257	0.4068036397298177	0.012341967783868313	-0.012341967783868313	0.0
9343	0.16865158081054688	0.4071880976359049	0.012341967783868313	-0.012341967783868313	0.0
9343	0.16732280872486255	0.4073418935139974	0.03490658476948738	0.0	0.0
9358	0.16732280872486255	0.40775718688964846	0.03490658476948738	0.0	0.0
9359	0.1673720465766059	0.4080493291219075	0.03490658476948738	0.0	0.0
9359	0.16766733240198206	0.4083261489868164	0.03490658476948738	0.0	0.0
9374	0.16801178543655962	0.4085875829060872	0.031104598194360733	0.015852369368076324	0.0
9375	0.1683562949851707	0.40884908040364587	0.031104598194360733	0.015852369368076324	0.0
9375	0.16870081866229023	0.4092181523640951	0.031104598194360733	0.015852369368076324	0.0
9390	0.16904527169686775	0.4095872243245443	0.0498015470802784	0.016193479299545288	0.0
9390	0.16904527169686775	0.40995635986328127	0.0498015470802784	0.016193479299545288	0.0
9390	0.16904527169686775	0.4100947062174479	0.0498015470802784	0.016193479299545288	0.0
9405	0.16867619267216435	0.41047916412353513	0.0498015470802784	0.016193479299545288	0.0
9406	0.16815942834924769	0.4109098434448242	0.05235987901687622	0.0	0.0
9406	0.16734743471498842	0.4111866633097331	0.05235987901687622	0.0	0.0
9421	0.1670029816804109	0.41146341959635413	0.06981316953897476	0.0	0.0
9422	0.16648620322898583	0.4118633270263672	0.06774585694074631	-0.016915213316679	0.0
9422	0.16631400496871382	0.412109375	0.0809408500790596	-0.03276210278272629	0.0
9436	0.16609251234266492	0.4125246047973633	0.10144359618425369	-0.068552665412426	0.0
9437	0.16604328861943	0.4129090627034505	0.10724743455648422	-0.09009335935115814	0.0
9437	0.1659941072817202	0.4132474263509115	0.12404187768697739	-0.12404187768697739	0.0
9452	0.1659941072817202	0.4133550643920898	0.13659176230430603	-0.13659176230430603	0.0
9453	0.1659941072817202	0.4142009099324544	0.19743454456329346	-0.2506554424762726	0.0
9453	0.1659941072817202	0.4136626561482747	0.15326941013336182	-0.16991420090198517	0.0
9453	0.1659941072817202	0.41386260986328127	0.1705610156059265	-0.20244905352592468	0.0
9468	0.1659941072817202	0.41455465952555337	0.19021765887737274	-0.278065025806427	0.0
9469	0.16619091740360967	0.4150929133097331	0.2330504059791565	-0.3383714258670807	0.0
9469	0.16601871914333768	0.4148929595947266	0.2058088183403015	-0.2897558808326721	0.0
9483	0.16638779816804108	0.4152928034464518	0.2487110197544098	-0.3727918565273285	0.0
9484	0.1665108150906033	0.41556968688964846	0.2391974776983261	-0.39965686202049255	0.0
9484	0.16665845800329138	0.4157541910807292	0.25663816928863525	-0.4117795526981354	0.0
9499	0.166781489054362	0.4159233729044597	0.2810348868370056	-0.46364760398864746	0.0
9499	0.1670275370279948	0.4161694208780925	0.2729205787181854	-0.4676092565059662	0.0
9500	0.16719979180230035	0.4162924448649089	0.27642229199409485	-0.5080204606056213	0.0
9515	0.1673720465766059	0.4164000829060872	0.29592636227607727	-0.520625650882721	0.0
9515	0.1676180945502387	0.4165692647298177	0.2971538305282593	-0.5411482453346252	0.0
9516	0.1677657374629268	0.4166154225667318	0.3077855706214905	-0.5578003525733948	0.0
9530	0.167888754385489	0.41664619445800777	0.31860634684562683	-0.5745129585266113	0.0
9531	0.16803639729817707	0.41667696634928386	0.31891489028930664	-0.6161317229270935	0.0
9532	0.16813487300166377	0.41667696634928386	0.31817826628685	-0.6369246244430542	0.0
9546	0.16830707126193575	0.41667696634928386	0.34078365564346313	-0.6501762270927429	0.0
9547	0.1685039378978588	0.41667696634928386	0.3288966715335846	-0.6540127992630005	0.0
9547	0.16874998587149162	0.41649233500162763	0.3274313509464264	-0.6748523116111755	0.0
9561	0.1688484615749783	0.41644617716471355	0.32531386613845825	-0.6956268548965454	0.0
9562	0.16902064570674188	0.4163232167561849	0.32531386613845825	-0.6956268548965454	0.0
9562	0.16929131967050057	0.41621551513671873	0.34941235184669495	-0.7093417048454285	0.0
9577	0.16946357444480614	0.41621551513671873	0.34941235184669495	-0.7093417048454285	0.0
9578	0.1698327099835431	0.41646156311035154	0.33607450127601624	-0.7129166722297668	0.0
9578	0.16973423428005643	0.41621551513671873	0.34941235184669495	-0.7093417048454285	0.0
9578	0.16978347213179976	0.41621551513671873	0.33607450127601624	-0.7129166722297668	0.0
9593	0.16990650318287037	0.4167230606079102	0.32531386613845825	-0.6956268548965454	0.0
9594	0.1701033698187934	0.4171997706095377	0.32531386613845825	-0.6956268548965454	0.0
9594	0.17002952010543257	0.416984494527181	0.32531386613845825	-0.6956268548965454	0.0
9608	0.17017716301812066	0.4174151102701823	0.3274313509464264	-0.6748523116111755	0.0
9609	0.17052167256673176	0.4177534739176433	0.3274313509464264	-0.6748523116111755	0.14076246321201324
9610	0.17032480593080873	0.4175996780395508	0.3274313509464264	-0.6748523116111755	0.06353861093521118
9624	0.17076772054036457	0.4178918838500977	0.3274313509464264	-0.6748523116111755	0.21407625079154968
9625	0.17098915665237993	0.417984135945638	0.3288966715335846	-0.6540127992630005	0.28836753964424133
9625	0.171136799565068	0.4180456161499023	0.3288966715335846	-0.6540127992630005	0.35972630977630615
9639	0.1712598164876302	0.4180917739868164	0.3288966715335846	-0.6540127992630005	0.4164222776889801
9640	0.1713582921911169	0.4181379318237305	0.3288966715335846	-0.6540127992630005	0.467253178358078
9640	0.17145669725206164	0.41816864013671873	0.3288966715335846	-0.6540127992630005	0.5112414360046387
9655	0.171505935103805	0.4181840260823567	0.3288966715335846	-0.6540127992630005	0.5454545617103577
9656	0.17155510231300636	0.4182147979736328	0.3288966715335846	-0.6540127992630005	0.572825014591217
9656	0.17157971417462384	0.4182455698649089	0.3288966715335846	-0.6540127992630005	0.5933528542518616
9671	0.17157971417462384	0.41829166412353513	0.3288966715335846	-0.6540127992630005	0.6109482049942017
9672	0.1716289520263672	0.4183224360148112	0.3288966715335846	-0.6540127992630005	0.6226783990859985
9672	0.17167811923556858	0.4183685938517253	0.3288966715335846	-0.6540127992630005	0.6295210123062134
9686	0.17172735708731193	0.41839930216471355	0.3288966715335846	-0.6540127992630005	0.6304985284805298
9687	0.17175196894892938	0.41843007405598953	0.3288966715335846	-0.6540127992630005	0.638318657875061
9687	0.17180120680067273	0.41847629547119136	0.3288966715335846	-0.6540127992630005	0.6480938196182251
9702	0.17182576214825665	0.41850706736246746	0.3288966715335846	-0.6540127992630005	0.6647116541862488
9703	0.17185038813838252	0.4185531616210938	0.3288966715335846	-0.6540127992630005	0.6813294291496277
9703	0.17189961186161748	0.4185839335123698	0.3288966715335846	-0.6540127992630005	0.698924720287323
9717	0.17189961186161748	0.41861470540364587	0.3288966715335846	-0.6540127992630005	0.7106549143791199
9719	0.17189961186161748	0.4186607996622721	0.3288966715335846	-0.6540127992630005	0.7194526195526123
9719	0.17189961186161748	0.4187223434448242	0.3288966715335846	-0.6540127992630005	0.7272727489471436
9733	0.17189961186161748	0.4187838236490885	0.3288966715335846	-0.6540127992630005	0.7341153621673584
9734	0.17189961186161748	0.4188299814860026	0.3288966715335846	-0.6540127992630005	0.7468230724334717
9734	0.17189961186161748	0.4189068476359049	0.3288966715335846	-0.6540127992630005	0.7605082988739014
9749	0.17189961186161748	0.4189837773640951	0.3288966715335846	-0.6540127992630005	0.7771260738372803
9750	0.17189961186161748	0.4190606435139974	0.3288966715335846	-0.6540127992630005	0.7927663922309875
9750	0.17189961186161748	0.4191682815551758	0.3288966715335846	-0.6540127992630005	0.8103616833686829
9751	0.17189961186161748	0.41926053365071614	0.3288966715335846	-0.6540127992630005	0.825024425983429
9765	0.17189961186161748	0.41938355763753254	0.3288966715335846	-0.6540127992630005	0.8387096524238586
9765	0.17189961186161748	0.4195681889851888	0.3288966715335846	-0.6540127992630005	0.8465298414230347
9765	0.17175196894892938	0.4198142369588216	0.3288966715335846	-0.6540127992630005	0.8523949384689331
9780	0.1713828475387008	0.4201679229736328	0.3288966715335846	-0.6540127992630005	0.8553274869918823
9782	0.17066931547941985	0.42070624033610027	0.3288966715335846	-0.6540127992630005	0.8563050031661987
9783	0.16985726533112702	0.4212905883789062	0.3288966715335846	-0.6540127992630005	0.8611925840377808
9795	0.1688484615749783	0.421875	0.3288966715335846	-0.6540127992630005	0.8582600355148315
9797	0.16774112560130933	0.4224901835123698	0.3288966715335846	-0.6540127992630005	0.8611925840377808
9797	0.16641241002965856	0.42330519358317054	0.3288966715335846	-0.6540127992630005	0.8504399061203003
9811	0.1649113831696687	0.4242279688517253	0.3288966715335846	-0.6540127992630005	0.8787878751754761
9812	0.1632627840395327	0.4251660664876302	0.3288966715335846	-0.6540127992630005	0.8817204236984253
9812	0.1616141849093967	0.4261657079060872	0.3288966715335846	-0.6540127992630005	0.8797653913497925
9827	0.16008860270182293	0.42710380554199223	0.3288966715335846	-0.6540127992630005	0.890518069267273
9828	0.15843993292914496	0.42816492716471355	0.3288966715335846	-0.6540127992630005	0.8944281339645386
9828	0.15669292873806423	0.4293799082438151	0.3288966715335846	-0.6540127992630005	0.8983381986618042
9843	0.154773599130136	0.430656369527181	0.3288966715335846	-0.6540127992630005	0.9159335494041443
9844	0.15292817574960213	0.43184051513671873	0.3288966715335846	-0.6540127992630005	0.9149560332298279
9844	0.1511073077166522	0.4329170862833659	0.3288966715335846	-0.6540127992630005	0.929618775844574
9858	0.14940947073477287	0.4339935938517253	0.3288966715335846	-0.6540127992630005	0.9364613890647888
9859	0.14773618910047742	0.4349624633789062	0.3288966715335846	-0.6540127992630005	0.9521016478538513
9859	0.14608758997034144	0.4358851750691731	0.3274313509464264	-0.6748523116111755	0.9677419066429138
9874	0.144611245614511	0.4366849263509115	0.3274313509464264	-0.6748523116111755	0.9804496765136719
9875	0.14330708539044415	0.4373923619588216	0.3288966715335846	-0.6540127992630005	0.9912023544311523
9875	0.1421505822075738	0.43802293141682946	0.35207030177116394	-0.6672830581665039	1.0
9890	0.1410925405996817	0.4386226654052734	0.35207030177116394	-0.6672830581665039	1.0
9892	0.13794291460955585	0.440437380472819	0.35207030177116394	-0.6672830581665039	1.0
9892	0.14003444247775607	0.4392224629720052	0.35207030177116394	-0.6672830581665039	1.0
9892	0.1390010127314815	0.4398375829060872	0.35207030177116394	-0.6672830581665039	1.0
9907	0.13698327806260852	0.4410064061482747	0.35207030177116394	-0.6672830581665039	1.0
9907	0.13604825337727863	0.4415754318237305	0.3524760901927948	-0.6461694836616516	1.0
9907	0.13516241002965856	0.4421290715535482	0.3639709949493408	-0.6419910788536072	1.0
9920	0.1343749717429832	0.4426519393920898	0.3639709949493408	-0.6419910788536072	1.0
9922	0.13363682782208477	0.4431440989176433	0.3639709949493408	-0.6419910788536072	1.0
9922	0.13304627029984087	0.4435746510823567	0.3639709949493408	-0.6419910788536072	1.0
9936	0.13257872970015913	0.4439284006754557	0.3639709949493408	-0.6419910788536072	1.0
9937	0.13220966480396412	0.4442206064860026	0.3639709949493408	-0.6419910788536072	1.0
9937	0.13193899084020544	0.4444666544596354	0.3639709949493408	-0.6419910788536072	1.0
9952	0.13171749821415654	0.44466654459635413	0.3639709949493408	-0.6419910788536072	1.0
9953	0.13156986942997687	0.44480495452880864	0.3639709949493408	-0.6419910788536072	1.0
9953	0.13144683837890625	0.4448972702026367	0.3639709949493408	-0.6419910788536072	1.0
9968	0.13139767116970485	0.4449741999308269	0.3632960617542267	-0.6207202076911926	1.0
9968	0.1313484333179615	0.4450049082438151	0.3632960617542267	-0.6207202076911926	1.0
9969	0.13132380732783563	0.4450356801350911	0.3632960617542267	-0.6207202076911926	1.0
10015	0.13132380732783563	0.4450049082438151	0.3632960617542267	-0.6207202076911926	0.8611925840377808
10015	0.13147145024052373	0.44486656188964846	0.3639709949493408	-0.6419910788536072	0.7605082988739014
10016	0.1320127840395327	0.4447127024332682	0.3874742090702057	-0.6546291708946228	0.6129032373428345
10030	0.13280022232620806	0.4445435206095377	0.3874742090702057	-0.6546291708946228	0.4046920835971832
10031	0.13631892734103732	0.4439745585123698	0.3880479633808136	-0.6761210560798645	0.0
10031	0.13380902608235676	0.444359016418457	0.3758840262889862	-0.6590226888656616	0.050830889493227005
10047	0.13781988355848523	0.44378992716471355	0.3880479633808136	-0.6761210560798645	0.0
10048	0.13941931547941985	0.44378992716471355	0.36360761523246765	-0.6844471096992493	0.0
10048	0.1408956598352503	0.4436361948649089	0.36408185958862305	-0.6632400751113892	0.0
10062	0.1408956598352503	0.44354387919108074	0.3524760901927948	-0.6461694836616516	0.0
10062	0.140625	0.44354387919108074	0.3299715518951416	-0.6122109293937683	0.0
10063	0.14180612917299623	0.44354387919108074	0.3077855706214905	-0.5578003525733948	0.0
10077	0.14291339450412327	0.4436515808105469	0.27494290471076965	-0.48777103424072266	0.0
10078	0.14333171138057002	0.4439437866210938	0.2421746701002121	-0.4192230701446533	0.0
