0 28.57 30.00 27.27 -1.#J 
500 64.29 40.00 54.55 56.47 
1000 78.57 30.00 36.36 35.29 
1500 78.57 30.00 36.36 35.29 
2000 78.57 30.00 36.36 35.54 
2500 78.57 30.00 36.36 35.54 
3000 78.57 30.00 54.55 36.53 
3500 78.57 30.00 54.55 37.26 
4000 78.57 30.00 54.55 40.82 
4500 78.57 30.00 54.55 40.82 
5000 78.57 50.00 45.45 39.84 
5500 78.57 50.00 45.45 39.84 
6000 78.57 40.00 45.45 34.52 
6500 78.57 40.00 36.36 29.75 
7000 78.57 30.00 45.45 31.54 
7500 78.57 50.00 36.36 27.24 
8000 82.14 50.00 36.36 27.37 
8500 82.14 50.00 54.55 32.03 
9000 82.14 50.00 54.55 32.03 
9500 82.14 50.00 54.55 32.03 
10000 82.14 50.00 54.55 32.03 
10500 82.14 50.00 54.55 32.03 
11000 82.14 50.00 54.55 32.03 
11500 82.14 50.00 54.55 32.03 
12000 82.14 50.00 54.55 32.03 
12500 82.14 50.00 54.55 32.03 
13000 82.14 50.00 54.55 32.03 
13500 82.14 50.00 54.55 32.03 
14000 82.14 50.00 54.55 32.03 
14500 82.14 50.00 54.55 32.41 
15000 82.14 50.00 54.55 32.41 
15500 82.14 50.00 54.55 32.41 
16000 82.14 50.00 54.55 32.41 
16500 82.14 50.00 54.55 32.41 
17000 82.14 50.00 54.55 32.41 
17500 82.14 50.00 54.55 32.41 
18000 82.14 40.00 45.45 27.49 
18500 82.14 40.00 45.45 27.49 
19000 82.14 40.00 45.45 27.48 
19500 82.14 40.00 45.45 27.60 
20000 82.14 40.00 45.45 27.60 
20500 82.14 40.00 45.45 27.65 
21000 82.14 40.00 36.36 27.03 
21500 82.14 30.00 36.36 29.71 
22000 82.14 30.00 36.36 29.71 
22500 82.14 50.00 63.64 29.55 
23000 82.14 60.00 72.73 30.38 
23500 82.14 60.00 72.73 30.38 
24000 82.14 60.00 72.73 30.38 
24500 82.14 40.00 63.64 38.29 
25000 82.14 40.00 54.55 37.00 
25500 82.14 40.00 63.64 37.53 
26000 85.71 50.00 63.64 32.59 
26500 85.71 40.00 63.64 33.76 
27000 85.71 30.00 54.55 27.11 
27500 85.71 40.00 54.55 34.49 
28000 85.71 40.00 63.64 41.07 
28500 85.71 50.00 45.45 35.76 
29000 85.71 40.00 36.36 38.48 
29500 85.71 30.00 54.55 38.56 
30000 85.71 40.00 63.64 28.75 
30500 85.71 40.00 54.55 32.16 
31000 85.71 30.00 54.55 34.11 
31500 85.71 30.00 45.45 37.90 
32000 85.71 30.00 54.55 33.45 
32500 85.71 30.00 54.55 33.05 
33000 85.71 30.00 54.55 33.64 
33500 85.71 40.00 63.64 30.65 
34000 85.71 40.00 72.73 34.67 
34500 85.71 50.00 63.64 30.52 
35000 85.71 50.00 63.64 30.52 
35500 85.71 40.00 63.64 31.88 
36000 85.71 40.00 63.64 31.88 
36500 85.71 50.00 63.64 29.10 
37000 85.71 40.00 63.64 29.38 
37500 85.71 40.00 63.64 29.50 
38000 85.71 40.00 63.64 28.88 
38500 85.71 40.00 63.64 28.88 
39000 85.71 40.00 63.64 28.98 
39500 85.71 30.00 63.64 29.27 
40000 85.71 30.00 63.64 29.31 
40500 85.71 30.00 63.64 29.20 
41000 85.71 30.00 63.64 29.20 
41500 85.71 30.00 63.64 29.63 
42000 85.71 30.00 72.73 29.58 
42500 85.71 40.00 63.64 28.85 
43000 85.71 40.00 63.64 28.93 
43500 85.71 30.00 63.64 28.91 
44000 85.71 40.00 72.73 29.34 
44500 85.71 50.00 54.55 27.38 
45000 85.71 50.00 45.45 27.15 
45500 85.71 50.00 63.64 29.82 
46000 85.71 50.00 54.55 29.92 
46500 85.71 50.00 54.55 29.89 
47000 85.71 50.00 54.55 29.87 
47500 85.71 40.00 54.55 29.41 
48000 85.71 50.00 63.64 29.56 
48500 85.71 50.00 63.64 29.61 
49000 85.71 40.00 54.55 29.52 
49500 85.71 30.00 63.64 35.58 
50000 85.71 40.00 54.55 40.45 
50500 85.71 50.00 54.55 32.38 
51000 85.71 40.00 72.73 35.36 
51500 85.71 40.00 72.73 36.15 
52000 85.71 50.00 72.73 34.89 
52500 85.71 50.00 72.73 34.89 
53000 85.71 50.00 72.73 32.91 
53500 85.71 50.00 63.64 34.69 
54000 85.71 40.00 63.64 39.50 
54500 85.71 40.00 63.64 38.91 
55000 85.71 40.00 63.64 38.91 
55500 85.71 50.00 72.73 35.37 
56000 85.71 50.00 72.73 35.37 
56500 85.71 50.00 72.73 35.37 
57000 85.71 50.00 72.73 35.37 
57500 85.71 50.00 63.64 34.80 
58000 85.71 50.00 63.64 34.76 
58500 85.71 50.00 63.64 34.76 
59000 85.71 50.00 63.64 36.70 
59500 85.71 60.00 63.64 43.13 
60000 85.71 50.00 63.64 39.77 
60500 85.71 40.00 63.64 34.89 
61000 85.71 40.00 63.64 35.29 
61500 85.71 40.00 54.55 38.04 
62000 85.71 40.00 72.73 35.99 
62500 85.71 40.00 63.64 32.69 
63000 85.71 30.00 54.55 35.19 
63500 85.71 30.00 54.55 33.78 
64000 85.71 30.00 54.55 34.27 
64500 85.71 40.00 54.55 34.16 
65000 85.71 40.00 54.55 41.40 
65500 85.71 40.00 54.55 35.04 
66000 85.71 50.00 54.55 38.82 
66500 85.71 50.00 54.55 38.16 
67000 85.71 50.00 54.55 38.16 
67500 85.71 50.00 54.55 38.16 
68000 85.71 50.00 54.55 38.27 
68500 85.71 50.00 54.55 38.20 
69000 85.71 50.00 54.55 38.20 
69500 85.71 50.00 54.55 38.20 
70000 85.71 50.00 54.55 38.19 
70500 85.71 50.00 54.55 38.12 
71000 85.71 40.00 63.64 37.64 
71500 89.29 20.00 63.64 36.68 
72000 89.29 30.00 63.64 36.88 
72500 89.29 30.00 63.64 36.88 
73000 89.29 30.00 63.64 36.88 
73500 89.29 30.00 63.64 36.88 
74000 89.29 30.00 63.64 36.36 
74500 89.29 30.00 63.64 36.52 
75000 89.29 30.00 63.64 33.61 
75500 89.29 30.00 63.64 33.56 
76000 89.29 30.00 63.64 29.04 
76500 89.29 30.00 63.64 29.49 
77000 89.29 30.00 63.64 29.85 
77500 89.29 30.00 63.64 29.54 
78000 89.29 30.00 63.64 29.00 
78500 89.29 30.00 63.64 29.11 
79000 89.29 30.00 63.64 34.31 
79500 89.29 30.00 63.64 34.33 
80000 89.29 40.00 63.64 33.20 
80500 89.29 40.00 63.64 33.56 
81000 89.29 40.00 63.64 33.56 
81500 89.29 30.00 54.55 32.69 
82000 89.29 30.00 54.55 32.69 
82500 89.29 30.00 45.45 32.86 
83000 89.29 30.00 45.45 32.86 
83500 89.29 30.00 54.55 35.45 
84000 89.29 30.00 54.55 35.15 
84500 89.29 30.00 63.64 34.69 
85000 89.29 30.00 63.64 34.78 
85500 89.29 30.00 63.64 34.78 
86000 89.29 30.00 63.64 33.85 
86500 89.29 30.00 63.64 33.85 
87000 89.29 30.00 63.64 35.50 
87500 89.29 30.00 63.64 35.54 
88000 89.29 30.00 63.64 30.85 
88500 89.29 30.00 63.64 36.58 
89000 89.29 30.00 63.64 38.61 
89500 89.29 30.00 54.55 39.79 
90000 89.29 30.00 63.64 29.79 
90500 89.29 30.00 63.64 29.79 
91000 92.86 30.00 63.64 35.07 
91500 92.86 30.00 63.64 39.44 
92000 92.86 30.00 63.64 38.92 
92500 92.86 30.00 63.64 38.58 
93000 92.86 30.00 63.64 38.60 
93500 92.86 30.00 63.64 38.91 
94000 92.86 30.00 63.64 38.91 
94500 92.86 30.00 63.64 38.91 
95000 92.86 30.00 63.64 38.91 
95500 92.86 30.00 63.64 38.91 
96000 92.86 30.00 63.64 41.06 
96500 92.86 30.00 63.64 40.75 
97000 92.86 30.00 63.64 40.75 
97500 92.86 30.00 63.64 40.75 
98000 92.86 30.00 63.64 40.75 
98500 92.86 30.00 63.64 42.17 
99000 92.86 30.00 63.64 42.16 
99500 92.86 30.00 63.64 42.16 
100000 92.86 30.00 63.64 42.16 
100500 92.86 30.00 63.64 33.80 
101000 92.86 20.00 63.64 34.25 
101500 92.86 20.00 63.64 35.05 
102000 92.86 20.00 63.64 34.05 
102500 92.86 20.00 63.64 34.05 
103000 92.86 20.00 63.64 34.05 
103500 92.86 30.00 63.64 32.81 
104000 92.86 30.00 63.64 32.81 
104500 92.86 30.00 63.64 32.81 
105000 92.86 30.00 63.64 32.76 
105500 92.86 30.00 63.64 32.76 
106000 92.86 30.00 63.64 33.45 
106500 92.86 30.00 63.64 33.45 
107000 92.86 30.00 63.64 33.45 
107500 92.86 30.00 63.64 32.82 
108000 92.86 30.00 63.64 32.82 
108500 92.86 30.00 63.64 32.08 
109000 92.86 30.00 63.64 32.24 
109500 92.86 30.00 63.64 32.24 
110000 92.86 30.00 63.64 32.42 
110500 92.86 30.00 63.64 32.42 
111000 92.86 20.00 54.55 34.69 
111500 92.86 20.00 54.55 34.75 
112000 92.86 20.00 54.55 31.97 
112500 92.86 20.00 54.55 31.97 
113000 92.86 20.00 54.55 31.97 
113500 92.86 20.00 54.55 31.97 
114000 92.86 20.00 54.55 31.97 
114500 92.86 20.00 54.55 31.97 
115000 92.86 30.00 63.64 30.80 
115500 92.86 30.00 63.64 30.80 
116000 92.86 30.00 63.64 31.11 
116500 92.86 30.00 63.64 30.46 
117000 92.86 20.00 63.64 30.84 
117500 92.86 20.00 54.55 31.79 
118000 92.86 20.00 54.55 31.79 
118500 92.86 20.00 54.55 31.79 
119000 92.86 30.00 63.64 36.23 
119500 92.86 30.00 63.64 36.23 
120000 92.86 30.00 63.64 33.64 
120500 92.86 30.00 63.64 36.73 
121000 92.86 30.00 63.64 38.76 
121500 92.86 30.00 63.64 38.22 
122000 92.86 30.00 63.64 38.22 
122500 92.86 30.00 63.64 38.18 
123000 92.86 30.00 63.64 38.18 
123500 92.86 30.00 63.64 38.21 
124000 92.86 30.00 63.64 38.21 
124500 92.86 30.00 63.64 38.21 
125000 92.86 30.00 63.64 38.21 
125500 92.86 30.00 63.64 38.19 
126000 92.86 30.00 63.64 38.19 
126500 92.86 30.00 63.64 38.19 
127000 92.86 30.00 63.64 38.19 
127500 92.86 30.00 63.64 38.19 
128000 92.86 30.00 63.64 38.19 
128500 92.86 30.00 63.64 38.19 
129000 92.86 30.00 63.64 38.19 
129500 92.86 30.00 63.64 38.18 
130000 92.86 30.00 63.64 38.18 
130500 92.86 30.00 63.64 38.23 
131000 92.86 30.00 63.64 38.23 
131500 92.86 30.00 63.64 37.95 
132000 92.86 30.00 63.64 38.38 
132500 92.86 30.00 63.64 39.05 
133000 92.86 30.00 63.64 39.05 
133500 92.86 30.00 63.64 39.05 
134000 92.86 30.00 63.64 39.05 
134500 92.86 30.00 63.64 39.05 
135000 92.86 30.00 63.64 39.05 
135500 92.86 30.00 63.64 40.11 
136000 92.86 30.00 63.64 40.11 
136500 92.86 30.00 63.64 40.11 
137000 92.86 30.00 63.64 40.11 
137500 92.86 30.00 63.64 40.11 
138000 92.86 30.00 63.64 40.11 
138500 92.86 30.00 63.64 40.11 
139000 92.86 30.00 63.64 40.11 
139500 92.86 30.00 63.64 35.95 
140000 92.86 30.00 63.64 36.93 
140500 92.86 30.00 63.64 36.93 
141000 92.86 30.00 63.64 36.93 
141500 92.86 30.00 63.64 31.41 
142000 92.86 30.00 63.64 30.96 
142500 92.86 30.00 63.64 30.96 
143000 92.86 30.00 63.64 31.62 
143500 92.86 30.00 63.64 31.62 
144000 92.86 30.00 63.64 31.62 
144500 92.86 30.00 63.64 31.62 
145000 92.86 30.00 54.55 32.96 
145500 92.86 30.00 54.55 32.96 
146000 92.86 30.00 54.55 32.99 
146500 92.86 30.00 54.55 32.99 
147000 92.86 30.00 54.55 32.99 
147500 92.86 30.00 54.55 33.03 
148000 92.86 30.00 54.55 33.03 
148500 92.86 30.00 54.55 33.03 
149000 92.86 30.00 54.55 33.03 
149500 92.86 30.00 54.55 33.03 
150000 92.86 30.00 54.55 33.03 
150500 92.86 20.00 54.55 33.00 
151000 92.86 20.00 54.55 33.19 
151500 92.86 20.00 54.55 33.07 
152000 92.86 30.00 54.55 30.90 
152500 92.86 30.00 54.55 30.86 
153000 92.86 30.00 54.55 30.95 
153500 92.86 30.00 54.55 30.97 
154000 92.86 30.00 54.55 30.97 
154500 92.86 30.00 54.55 31.17 
155000 92.86 30.00 54.55 31.17 
155500 92.86 30.00 54.55 30.93 
156000 92.86 30.00 54.55 30.93 
156500 92.86 30.00 54.55 30.80 
157000 92.86 30.00 54.55 30.80 
157500 92.86 30.00 63.64 31.11 
158000 92.86 40.00 54.55 35.35 
158500 92.86 40.00 63.64 36.82 
159000 92.86 40.00 63.64 36.29 
159500 92.86 40.00 63.64 36.29 
160000 92.86 40.00 63.64 37.66 
160500 92.86 40.00 63.64 36.45 
161000 92.86 40.00 63.64 36.42 
161500 92.86 40.00 63.64 36.42 
162000 92.86 40.00 63.64 31.20 
162500 92.86 40.00 63.64 33.08 
163000 92.86 30.00 72.73 32.96 
163500 92.86 40.00 72.73 33.48 
164000 92.86 40.00 72.73 33.35 
164500 92.86 40.00 72.73 36.74 
165000 92.86 40.00 72.73 36.74 
165500 92.86 40.00 72.73 36.74 
166000 92.86 30.00 72.73 38.39 
166500 92.86 30.00 72.73 38.39 
167000 92.86 30.00 72.73 38.43 
167500 92.86 30.00 72.73 35.60 
168000 92.86 30.00 63.64 35.39 
168500 92.86 30.00 63.64 33.75 
169000 92.86 30.00 63.64 33.75 
169500 92.86 30.00 63.64 33.75 
170000 92.86 30.00 63.64 35.70 
170500 92.86 30.00 63.64 35.81 
171000 92.86 30.00 63.64 36.05 
171500 92.86 30.00 63.64 36.05 
172000 96.43 30.00 63.64 35.90 
172500 96.43 30.00 63.64 35.46 
173000 96.43 30.00 63.64 35.46 
173500 96.43 30.00 63.64 35.46 
174000 96.43 30.00 63.64 35.46 
174500 96.43 30.00 63.64 35.46 
175000 96.43 30.00 63.64 35.46 
175500 96.43 30.00 63.64 35.46 
176000 96.43 30.00 63.64 35.14 
176500 96.43 30.00 63.64 35.14 
177000 96.43 30.00 63.64 35.14 
177500 96.43 30.00 63.64 35.14 
178000 96.43 30.00 63.64 35.14 
178500 96.43 30.00 63.64 35.14 
179000 96.43 30.00 63.64 35.14 
179500 96.43 30.00 63.64 35.14 
180000 96.43 40.00 63.64 35.89 
180500 96.43 40.00 63.64 35.89 
181000 96.43 40.00 63.64 35.89 
181500 96.43 40.00 63.64 35.89 
182000 96.43 40.00 63.64 35.89 
182500 96.43 40.00 63.64 35.89 
183000 96.43 40.00 63.64 35.89 
183500 96.43 40.00 63.64 35.89 
184000 96.43 40.00 63.64 35.62 
184500 96.43 40.00 63.64 35.62 
185000 96.43 40.00 63.64 35.62 
185500 96.43 40.00 63.64 35.62 
186000 96.43 40.00 54.55 42.51 
186500 96.43 40.00 54.55 42.51 
187000 96.43 40.00 54.55 42.51 
187500 96.43 40.00 54.55 42.51 
188000 96.43 40.00 54.55 42.51 
188500 96.43 40.00 54.55 42.51 
189000 96.43 40.00 54.55 42.51 
189500 96.43 40.00 54.55 42.51 
190000 96.43 40.00 54.55 42.51 
190500 96.43 40.00 54.55 34.33 
191000 96.43 40.00 54.55 32.54 
191500 96.43 40.00 54.55 32.54 
192000 96.43 40.00 54.55 32.54 
192500 96.43 40.00 54.55 32.54 
193000 96.43 40.00 54.55 32.54 
193500 96.43 40.00 54.55 32.54 
194000 96.43 30.00 45.45 32.46 
194500 96.43 30.00 45.45 32.46 
195000 96.43 30.00 45.45 30.91 
195500 96.43 40.00 54.55 32.38 
196000 96.43 40.00 54.55 32.38 
196500 96.43 40.00 54.55 33.03 
197000 96.43 40.00 54.55 33.03 
197500 96.43 40.00 54.55 33.26 
198000 96.43 40.00 54.55 33.18 
198500 96.43 40.00 54.55 33.15 
199000 96.43 40.00 54.55 33.15 
199500 96.43 40.00 54.55 33.15 
199999 96.43 40.00 54.55 33.15 
