0 72.34 68.75 77.78 
500 93.62 87.50 83.33 
1000 93.62 87.50 83.33 
1500 93.62 87.50 83.33 
2000 93.62 87.50 83.33 
2500 93.62 87.50 83.33 
3000 95.74 87.50 83.33 
3500 95.74 87.50 83.33 
4000 97.87 87.50 83.33 
4500 97.87 87.50 88.89 
5000 97.87 87.50 88.89 
5500 97.87 87.50 88.89 
6000 97.87 87.50 88.89 
6500 97.87 87.50 88.89 
7000 97.87 87.50 88.89 
7500 97.87 87.50 88.89 
8000 97.87 87.50 83.33 
8500 97.87 87.50 88.89 
9000 97.87 87.50 83.33 
9500 97.87 87.50 83.33 
9999 97.87 87.50 83.33 
